0.3125 -0 -8.65341e+06
0.3125 0.0625 -8.8848e+06
-0 0.0625 -2.83271e+06
0.625 -0 -1.16174e+07
0.625 0.0625 -1.16609e+07
0.3125 0.19375 -1.02134e+07
-0 0.19375 -7.63743e+06
0.625 0.19375 -1.20162e+07
0.3125 0.259375 -1.1251e+07
-0 0.259375 -9.85029e+06
0.3125 0.325 -1.29449e+07
-0 0.325 -1.25928e+07
0.625 0.259375 -1.22864e+07
0.625 0.325 -1.32205e+07
0.3125 0.390625 -3.53975e+08
-0 0.390625 -3.53879e+08
0.3125 0.45625 -8.26926e+14
-0 0.45625 -8.26926e+14
0.625 0.390625 -3.54044e+08
0.625 0.45625 -8.26926e+14
0.3125 0.521875 -8.26926e+14
-0 0.521875 -8.26926e+14
0.3125 0.5875 -8.26926e+14
-0 0.5875 -8.26926e+14
0.625 0.521875 -8.26926e+14
0.625 0.5875 -8.26926e+14
0.3125 0.653125 -8.26926e+14
-0 0.653125 -8.26926e+14
0.3125 0.71875 -8.26926e+14
-0 0.71875 -8.26926e+14
0.625 0.653125 -8.26926e+14
0.625 0.71875 -8.26926e+14
0.3125 0.784375 -8.26926e+14
-0 0.784375 -8.26926e+14
0.3125 0.85 -8.26926e+14
-0 0.85 -8.26926e+14
0.625 0.784375 -8.26926e+14
0.625 0.85 -8.26926e+14
0.9375 -0 -1.24049e+07
0.9375 0.0625 -1.24164e+07
1.25 -0 -1.2619e+07
1.25 0.0625 -1.26221e+07
0.9375 0.19375 -1.25123e+07
1.25 0.19375 -1.26482e+07
0.9375 0.259375 -1.25877e+07
0.9375 0.325 -1.33026e+07
1.25 0.259375 -1.26707e+07
1.25 0.325 -1.33253e+07
0.9375 0.390625 -3.5406e+08
0.9375 0.45625 -8.26926e+14
1.25 0.390625 -3.54046e+08
1.25 0.45625 -8.26926e+14
0.9375 0.521875 -8.26926e+14
0.9375 0.5875 -8.26926e+14
1.25 0.521875 -8.26926e+14
1.25 0.5875 -8.26926e+14
0.9375 0.653125 -8.26926e+14
0.9375 0.71875 -8.26926e+14
1.25 0.653125 -8.26926e+14
1.25 0.71875 -8.26926e+14
0.9375 0.784375 -8.26926e+14
0.9375 0.85 -8.26926e+14
1.25 0.784375 -8.26926e+14
1.25 0.85 -8.26926e+14
0.3125 0.915625 -8.26926e+14
-0 0.915625 -8.26926e+14
0.3125 0.98125 -8.26926e+14
-0 0.98125 -8.26926e+14
0.625 0.915625 -8.26926e+14
0.625 0.98125 -8.26926e+14
0.3125 1.1125 -6.6169e+08
-0 1.1125 -6.6169e+08
0.625 1.1125 -6.61691e+08
0.3125 1.375 -3.40629e+08
-0 1.375 -3.40624e+08
0.625 1.375 -3.4064e+08
0.3125 1.6375 -2.40547e+08
-0 1.6375 -2.4053e+08
0.625 1.6375 -2.40569e+08
0.3125 1.9 -1.41348e+08
-0 1.9 -1.41297e+08
0.625 1.9 -1.4138e+08
0.9375 0.915625 -8.26926e+14
0.9375 0.98125 -8.26926e+14
1.25 0.915625 -8.26926e+14
1.25 0.98125 -8.26926e+14
0.9375 1.1125 -6.61694e+08
1.25 1.1125 -6.61703e+08
0.9375 1.375 -3.40655e+08
1.25 1.375 -3.40684e+08
0.9375 1.6375 -2.40596e+08
1.25 1.6375 -2.40642e+08
0.9375 1.9 -1.41407e+08
1.25 1.9 -1.41447e+08
1.5625 -0 -1.26773e+07
1.5625 0.0625 -1.26781e+07
1.875 -0 -1.26932e+07
1.875 0.0625 -1.26934e+07
1.5625 0.19375 -1.26853e+07
1.875 0.19375 -1.26954e+07
1.5625 0.259375 -1.26933e+07
1.5625 0.325 -1.33315e+07
1.875 0.259375 -1.26995e+07
1.875 0.325 -1.33331e+07
1.5625 0.390625 -3.53978e+08
1.5625 0.45625 -8.26926e+14
1.875 0.390625 -3.53737e+08
1.875 0.45625 -8.26926e+14
1.5625 0.521875 -8.26926e+14
1.5625 0.5875 -8.26926e+14
1.875 0.521875 -8.26926e+14
1.875 0.5875 -8.26926e+14
1.5625 0.653125 -8.26926e+14
1.5625 0.71875 -8.26926e+14
1.875 0.653125 -8.26926e+14
1.875 0.71875 -8.26926e+14
1.5625 0.784375 -8.26926e+14
1.5625 0.85 -8.26926e+14
1.875 0.784375 -8.26926e+14
1.875 0.85 -8.26926e+14
2.1875 -0 -1.26975e+07
2.1875 0.0625 -1.26976e+07
2.5 -0 -1.26987e+07
2.5 0.0625 -1.26987e+07
2.1875 0.19375 -1.26982e+07
2.5 0.19375 -1.26989e+07
2.1875 0.259375 -1.27012e+07
2.1875 0.325 -1.33334e+07
2.5 0.259375 -1.27017e+07
2.5 0.325 -1.33331e+07
2.1875 0.390625 -3.52899e+08
2.1875 0.45625 -8.26926e+14
2.5 0.390625 -3.50017e+08
2.5 0.45625 -8.26926e+14
2.1875 0.521875 -8.26926e+14
2.1875 0.5875 -8.26926e+14
2.5 0.521875 -8.26926e+14
2.5 0.5875 -8.26926e+14
2.1875 0.653125 -8.26926e+14
2.1875 0.71875 -8.26926e+14
2.5 0.653125 -8.26926e+14
2.5 0.71875 -8.26926e+14
2.1875 0.784375 -8.26926e+14
2.1875 0.85 -8.26926e+14
2.5 0.784375 -8.26926e+14
2.5 0.85 -8.26926e+14
1.5625 0.915625 -8.26926e+14
1.5625 0.98125 -8.26926e+14
1.875 0.915625 -8.26926e+14
1.875 0.98125 -8.26926e+14
1.5625 1.1125 -6.61733e+08
1.875 1.1125 -6.61834e+08
1.5625 1.375 -3.40747e+08
1.875 1.375 -3.40892e+08
1.5625 1.6375 -2.40742e+08
1.875 1.6375 -2.40968e+08
1.5625 1.9 -1.41532e+08
1.875 1.9 -1.41724e+08
2.1875 0.915625 -8.26926e+14
2.1875 0.98125 -8.26926e+14
2.5 0.915625 -8.26926e+14
2.5 0.98125 -8.26926e+14
2.1875 1.1125 -6.62178e+08
2.5 1.1125 -6.63366e+08
2.1875 1.375 -3.41231e+08
2.5 1.375 -3.42024e+08
2.1875 1.6375 -2.41486e+08
2.5 1.6375 -2.42671e+08
2.1875 1.9 -1.42158e+08
2.5 1.9 -1.43139e+08
2.8125 -0 -1.2699e+07
2.8125 0.0625 -1.2699e+07
3.125 -0 -1.26991e+07
3.125 0.0625 -1.26991e+07
2.8125 0.19375 -1.26991e+07
3.125 0.19375 -1.26992e+07
2.8125 0.259375 -1.27018e+07
2.8125 0.325 -1.33314e+07
3.125 0.259375 -1.27018e+07
3.125 0.325 -1.33261e+07
2.8125 0.390625 -3.40383e+08
2.8125 0.45625 -8.26926e+14
3.125 0.390625 -3.10868e+08
3.125 0.45625 -8.26926e+14
2.8125 0.521875 -8.26926e+14
2.8125 0.5875 -8.26926e+14
3.125 0.521875 -8.26926e+14
3.125 0.5875 -8.26926e+14
2.8125 0.653125 -8.26926e+14
2.8125 0.71875 -8.26926e+14
3.125 0.653125 -8.26926e+14
3.125 0.71875 -8.26926e+14
2.8125 0.784375 -8.26926e+14
2.8125 0.85 -8.26926e+14
3.125 0.784375 -8.26926e+14
3.125 0.85 -8.26926e+14
3.28125 -0 -1.26991e+07
3.28125 0.0625 -1.26991e+07
3.4375 -0 -1.26991e+07
3.4375 0.0625 -1.26991e+07
3.28125 0.19375 -1.26992e+07
3.4375 0.19375 -1.26992e+07
3.28125 0.259375 -1.27018e+07
3.28125 0.325 -1.33193e+07
3.4375 0.259375 -1.27017e+07
3.4375 0.325 -1.33087e+07
3.59375 -0 -1.26992e+07
3.59375 0.0625 -1.26992e+07
3.67188 -0 -1.26991e+07
3.67188 0.0625 -1.26991e+07
3.75 -0 -1.26984e+07
3.75 0.0625 -1.26984e+07
3.59375 0.19375 -1.26992e+07
3.51562 0.19375 -1.26992e+07
3.51562 0.259375 -1.27017e+07
3.59375 0.259375 -1.27017e+07
3.51562 0.325 -1.33012e+07
3.59375 0.325 -1.32925e+07
3.67188 0.19375 -1.26992e+07
3.75 0.19375 -1.26985e+07
3.67188 0.259375 -1.27016e+07
3.75 0.259375 -1.27009e+07
3.67188 0.325 -1.32825e+07
3.75 0.325 -1.32704e+07
3.28125 0.390625 -2.77293e+08
3.28125 0.45625 -8.26926e+14
3.4375 0.390625 -2.31409e+08
3.4375 0.45625 -8.26926e+14
3.28125 0.521875 -8.26926e+14
3.28125 0.5875 -8.26926e+14
3.4375 0.521875 -8.26926e+14
3.4375 0.5875 -8.26926e+14
3.28125 0.653125 -8.26926e+14
3.28125 0.71875 -8.26926e+14
3.4375 0.653125 -8.26926e+14
3.4375 0.71875 -8.26926e+14
3.28125 0.784375 -8.26926e+14
3.28125 0.85 -8.26926e+14
3.4375 0.784375 -8.26926e+14
3.4375 0.85 -8.26926e+14
3.51562 0.390625 -2.0405e+08
3.59375 0.390625 -1.7596e+08
3.51562 0.45625 -8.26926e+14
3.59375 0.45625 -8.26926e+14
3.51562 0.521875 -8.26926e+14
3.59375 0.521875 -8.26926e+14
3.51562 0.5875 -8.26926e+14
3.59375 0.5875 -8.26926e+14
3.67188 0.390625 -1.48406e+08
3.75 0.390625 -1.22417e+08
3.67188 0.45625 -8.26926e+14
3.75 0.45625 -8.26926e+14
3.67188 0.521875 -8.26926e+14
3.75 0.521875 -8.26926e+14
3.67188 0.5875 -8.26926e+14
3.75 0.5875 -8.26926e+14
3.51562 0.653125 -8.26926e+14
3.59375 0.653125 -8.26926e+14
3.51562 0.71875 -8.26926e+14
3.59375 0.71875 -8.26926e+14
3.51562 0.784375 -8.26926e+14
3.59375 0.784375 -8.26926e+14
3.51562 0.85 -8.26926e+14
3.59375 0.85 -8.26926e+14
3.67188 0.653125 -8.26926e+14
3.75 0.653125 -8.26926e+14
3.67188 0.71875 -8.26926e+14
3.75 0.71875 -8.26926e+14
3.67188 0.784375 -8.26926e+14
3.67188 0.85 -8.26926e+14
3.75 0.784375 -8.26926e+14
3.75 0.85 -8.26926e+14
2.8125 0.915625 -8.26926e+14
2.8125 0.98125 -8.26926e+14
3.125 0.915625 -8.26926e+14
3.125 0.98125 -8.26926e+14
2.8125 1.1125 -6.6753e+08
3.125 1.1125 -6.82879e+08
2.8125 1.375 -3.43886e+08
3.125 1.375 -3.48256e+08
2.8125 1.6375 -2.45367e+08
3.125 1.6375 -2.51467e+08
2.8125 1.9 -1.45342e+08
3.125 1.9 -1.50229e+08
3.28125 0.915625 -8.26926e+14
3.28125 0.98125 -8.26926e+14
3.4375 0.915625 -8.26926e+14
3.4375 0.98125 -8.26926e+14
3.28125 1.1125 -7.37844e+08
3.4375 1.1125 -1.19638e+09
3.28125 1.375 -3.52501e+08
3.4375 1.24375 -4.04392e+08
3.4375 1.375 -3.59074e+08
3.51562 0.915625 -8.26926e+14
3.51562 0.98125 -8.26926e+14
3.59375 0.915625 -8.26926e+14
3.59375 0.98125 -8.26926e+14
3.51562 1.1125 -1.47382e+09
3.59375 1.1125 -2.97334e+09
3.67188 0.915625 -8.26926e+14
3.67188 0.98125 -8.26926e+14
3.75 0.98125 -8.26926e+14
3.67188 1.1125 -1.30911e+11
3.75 1.1125 -6.51151e+14
3.51562 1.24375 -4.09901e+08
3.59375 1.24375 -4.1961e+08
3.51562 1.375 -3.6469e+08
3.59375 1.375 -3.72149e+08
3.67188 1.24375 -4.46711e+08
3.75 1.24375 -5.22044e+08
3.67188 1.375 -3.81827e+08
3.75 1.375 -3.9481e+08
3.28125 1.6375 -2.57376e+08
3.4375 1.50625 -3.14117e+08
3.4375 1.6375 -2.66113e+08
3.28125 1.9 -1.54866e+08
3.4375 1.76875 -2.14658e+08
3.4375 1.9 -1.61023e+08
3.51562 1.44063 -3.43017e+08
3.51562 1.50625 -3.2047e+08
3.59375 1.44063 -3.50945e+08
3.59375 1.50625 -3.28533e+08
3.51562 1.57187 -2.96786e+08
3.51562 1.6375 -2.72248e+08
3.59375 1.57187 -3.04748e+08
3.59375 1.6375 -2.79658e+08
3.67188 1.44063 -3.60937e+08
3.67188 1.50625 -3.38678e+08
3.75 1.44063 -3.73898e+08
3.75 1.50625 -3.51669e+08
3.67188 1.57187 -3.14656e+08
3.67188 1.6375 -2.88991e+08
3.75 1.57187 -3.27079e+08
3.75 1.6375 -3.0043e+08
3.59375 1.70312 -2.53261e+08
3.59375 1.76875 -2.26189e+08
3.67188 1.70312 -2.6192e+08
3.67188 1.76875 -2.33793e+08
3.75 1.70312 -2.72154e+08
3.75 1.76875 -2.42675e+08
3.59375 1.9 -1.69936e+08
3.67188 1.83437 -2.04806e+08
3.67188 1.9 -1.75307e+08
3.75 1.83437 -2.12324e+08
3.75 1.9 -1.81344e+08
3.82812 -0 -1.26882e+07
3.82812 0.0625 -1.26882e+07
3.90625 -0 -1.26083e+07
3.90625 0.0625 -1.26083e+07
3.98438 -0 -1.22959e+07
3.98438 0.0625 -1.22959e+07
4.0625 -0 -1.17442e+07
4.0625 0.0625 -1.17442e+07
3.82812 0.19375 -1.26882e+07
3.90625 0.19375 -1.26083e+07
3.82812 0.259375 -1.26905e+07
3.82812 0.325 -1.32464e+07
3.90625 0.259375 -1.26105e+07
3.90625 0.325 -1.31442e+07
3.98438 0.19375 -1.22959e+07
4.0625 0.19375 -1.17442e+07
3.98438 0.259375 -1.22979e+07
3.98438 0.325 -1.27882e+07
4.0625 0.259375 -1.17459e+07
4.0625 0.325 -1.21812e+07
4.14062 -0 -1.14555e+07
4.14062 0.0625 -1.14556e+07
4.21875 -0 -1.71731e+07
4.21875 0.0625 -1.72784e+07
4.29688 -0 -8.26744e+14
4.29688 0.0625 -8.26885e+14
4.375 -0 -8.26925e+14
4.375 0.0625 -8.26925e+14
4.14062 0.19375 -1.14575e+07
4.21875 0.19375 -1.83314e+07
4.14062 0.259375 -1.14619e+07
4.14062 0.325 -1.1923e+07
4.21875 0.259375 -2.00068e+07
4.21875 0.325 -3.82412e+07
4.29688 0.19375 -8.26926e+14
4.375 0.19375 -8.26925e+14
4.29688 0.259375 -8.26925e+14
4.29688 0.325 -8.26925e+14
4.375 0.259375 -8.26925e+14
4.375 0.325 -8.26925e+14
3.82812 0.390625 -9.82507e+07
3.82812 0.45625 -8.26926e+14
3.90625 0.390625 -7.49957e+07
3.90625 0.45625 -8.26926e+14
3.82812 0.521875 -8.26926e+14
3.82812 0.5875 -8.26926e+14
3.90625 0.521875 -8.26926e+14
3.90625 0.5875 -8.26926e+14
3.98438 0.390625 -5.36259e+07
3.98438 0.45625 -8.26926e+14
4.0625 0.390625 -4.04642e+07
4.0625 0.45625 -8.26925e+14
3.98438 0.521875 -8.26926e+14
3.98438 0.5875 -8.26926e+14
4.0625 0.521875 -8.26925e+14
4.0625 0.5875 -8.26926e+14
3.82812 0.653125 -8.26926e+14
3.82812 0.71875 -8.26926e+14
3.90625 0.653125 -8.26926e+14
3.90625 0.71875 -8.26926e+14
3.82812 0.784375 -8.26926e+14
3.82812 0.85 -8.26926e+14
3.90625 0.85 -8.26926e+14
3.98438 0.653125 -8.26926e+14
3.98438 0.71875 -8.26926e+14
4.0625 0.653125 -8.26926e+14
4.0625 0.71875 -8.26926e+14
3.98438 0.85 -8.26926e+14
4.0625 0.85 -8.26926e+14
4.14062 0.390625 -6.99472e+07
4.14062 0.45625 -8.26924e+14
4.21875 0.390625 -8.26924e+14
4.21875 0.45625 -8.26923e+14
4.14062 0.521875 -8.26924e+14
4.14062 0.5875 -8.26925e+14
4.21875 0.521875 -8.26924e+14
4.21875 0.5875 -8.26924e+14
4.29688 0.390625 -8.26924e+14
4.29688 0.45625 -8.26924e+14
4.375 0.390625 -8.26925e+14
4.375 0.45625 -8.26925e+14
4.29688 0.521875 -8.26924e+14
4.29688 0.5875 -8.26924e+14
4.375 0.521875 -8.26925e+14
4.375 0.5875 -8.26925e+14
4.14062 0.653125 -8.26925e+14
4.14062 0.71875 -8.26925e+14
4.21875 0.653125 -8.26924e+14
4.21875 0.71875 -8.26925e+14
4.14062 0.784375 -8.26926e+14
4.14062 0.85 -8.26926e+14
4.21875 0.784375 -8.26925e+14
4.21875 0.85 -8.26925e+14
4.29688 0.653125 -8.26924e+14
4.29688 0.71875 -8.26924e+14
4.375 0.653125 -8.26925e+14
4.375 0.71875 -8.26925e+14
4.29688 0.784375 -8.26925e+14
4.29688 0.85 -8.26925e+14
4.375 0.784375 -8.26925e+14
4.375 0.85 -8.26925e+14
4.45312 -0 -8.26925e+14
4.45312 0.0625 -8.26925e+14
4.53125 -0 -8.26926e+14
4.53125 0.0625 -8.26926e+14
4.60938 -0 -8.26926e+14
4.60938 0.0625 -8.26926e+14
4.6875 -0 -8.26926e+14
4.6875 0.0625 -8.26926e+14
4.45312 0.19375 -8.26925e+14
4.53125 0.19375 -8.26926e+14
4.45312 0.259375 -8.26925e+14
4.45312 0.325 -8.26925e+14
4.53125 0.259375 -8.26926e+14
4.53125 0.325 -8.26926e+14
4.60938 0.19375 -8.26926e+14
4.6875 0.19375 -8.26926e+14
4.60938 0.259375 -8.26926e+14
4.60938 0.325 -8.26926e+14
4.6875 0.259375 -8.26926e+14
4.6875 0.325 -8.26926e+14
4.76562 -0 -8.26926e+14
4.76562 0.0625 -8.26926e+14
4.84375 -0 -8.26926e+14
4.84375 0.0625 -8.26926e+14
4.92188 -0 -8.26926e+14
4.92188 0.0625 -8.26926e+14
5 -0 -8.26926e+14
5 0.0625 -8.26926e+14
4.76562 0.19375 -8.26926e+14
4.84375 0.19375 -8.26926e+14
4.76562 0.325 -8.26926e+14
4.84375 0.325 -8.26926e+14
4.92188 0.19375 -8.26926e+14
5 0.19375 -8.26926e+14
4.92188 0.325 -8.26926e+14
5 0.325 -8.26926e+14
4.45312 0.390625 -8.26925e+14
4.45312 0.45625 -8.26925e+14
4.53125 0.390625 -8.26926e+14
4.53125 0.45625 -8.26925e+14
4.45312 0.521875 -8.26925e+14
4.45312 0.5875 -8.26925e+14
4.53125 0.521875 -8.26925e+14
4.53125 0.5875 -8.26925e+14
4.60938 0.390625 -8.26926e+14
4.60938 0.45625 -8.26926e+14
4.6875 0.390625 -8.26926e+14
4.6875 0.45625 -8.26926e+14
4.60938 0.521875 -8.26926e+14
4.60938 0.5875 -8.26926e+14
4.6875 0.521875 -8.26926e+14
4.6875 0.5875 -8.26926e+14
4.45312 0.653125 -8.26925e+14
4.45312 0.71875 -8.26925e+14
4.53125 0.653125 -8.26925e+14
4.53125 0.71875 -8.26925e+14
4.45312 0.784375 -8.26925e+14
4.45312 0.85 -8.26925e+14
4.53125 0.784375 -8.26925e+14
4.53125 0.85 -8.26925e+14
4.60938 0.653125 -8.26926e+14
4.60938 0.71875 -8.26926e+14
4.6875 0.653125 -8.26926e+14
4.6875 0.71875 -8.26926e+14
4.6875 0.85 -8.26926e+14
4.76562 0.45625 -8.26926e+14
4.76562 0.5875 -8.26926e+14
4.84375 0.45625 -8.26926e+14
4.84375 0.5875 -8.26926e+14
4.92188 0.45625 -8.26926e+14
4.92188 0.5875 -8.26926e+14
5 0.45625 -8.26926e+14
5 0.5875 -8.26926e+14
4.76562 0.71875 -8.26926e+14
4.76562 0.85 -8.26926e+14
4.84375 0.71875 -8.26926e+14
4.84375 0.85 -8.26926e+14
4.92188 0.71875 -8.26926e+14
4.92188 0.85 -8.26926e+14
5 0.71875 -8.07694e+14
5 0.85 -4.55675e+11
3.82812 0.98125 -8.26926e+14
3.82812 1.1125 -8.26926e+14
3.90625 0.98125 -8.26926e+14
3.90625 1.1125 -8.26926e+14
3.98438 0.98125 -8.26926e+14
3.98438 1.1125 -8.26926e+14
4.0625 0.98125 -8.26926e+14
4.0625 1.1125 -8.26926e+14
3.82812 1.24375 -1.18157e+09
3.90625 1.24375 -3.73687e+13
3.82812 1.375 -4.24357e+08
3.90625 1.375 -7.75158e+08
3.98438 1.24375 -8.26926e+14
4.0625 1.24375 -8.26926e+14
3.98438 1.375 -3.24136e+12
4.0625 1.375 -8.26926e+14
4.14062 0.915625 -8.26926e+14
4.14062 0.98125 -8.26926e+14
4.21875 0.915625 -8.26925e+14
4.21875 0.98125 -8.26925e+14
4.14062 1.1125 -8.26926e+14
4.21875 1.1125 -8.26926e+14
4.29688 0.915625 -8.26925e+14
4.29688 0.98125 -8.26925e+14
4.375 0.98125 -8.26925e+14
4.375 1.1125 -8.26925e+14
4.14062 1.24375 -8.26926e+14
4.21875 1.24375 -8.26926e+14
4.14062 1.375 -8.26926e+14
4.21875 1.375 -8.26926e+14
4.375 1.24375 -8.26926e+14
4.375 1.375 -8.26926e+14
3.82812 1.44063 -3.94965e+08
3.82812 1.50625 -3.70369e+08
3.90625 1.44063 -4.77206e+08
3.90625 1.50625 -4.1151e+08
3.82812 1.57187 -3.43421e+08
3.82812 1.6375 -3.14549e+08
3.90625 1.57187 -3.69321e+08
3.90625 1.6375 -3.32846e+08
3.98438 1.44063 -3.52752e+09
3.98438 1.50625 -6.26985e+08
4.0625 1.44063 -6.36098e+14
4.0625 1.50625 -1.70867e+10
3.98438 1.57187 -4.25782e+08
3.98438 1.6375 -3.58867e+08
4.0625 1.57187 -6.11784e+08
4.0625 1.6375 -3.95509e+08
3.82812 1.70312 -2.84245e+08
3.82812 1.76875 -2.5288e+08
3.90625 1.70312 -2.98421e+08
3.90625 1.76875 -2.64281e+08
3.82812 1.83437 -2.20797e+08
3.82812 1.9 -1.88272e+08
3.90625 1.83437 -2.29987e+08
3.90625 1.9 -1.95601e+08
3.98438 1.70312 -3.14815e+08
3.98438 1.76875 -2.7646e+08
4.0625 1.70312 -3.32382e+08
4.0625 1.76875 -2.88458e+08
3.98438 1.83437 -2.39471e+08
3.98438 1.9 -2.03e+08
4.0625 1.83437 -2.48559e+08
4.0625 1.9 -2.09991e+08
4.14062 1.44063 -8.26926e+14
4.14062 1.50625 -3.31664e+13
4.21875 1.44063 -8.26926e+14
4.21875 1.50625 -7.6259e+14
4.14062 1.57187 -1.22885e+09
4.14062 1.6375 -4.32297e+08
4.21875 1.57187 -2.54659e+09
4.21875 1.6375 -4.58731e+08
4.375 1.44063 -8.26926e+14
4.375 1.50625 -8.26346e+14
4.375 1.57187 -7.29234e+09
4.375 1.6375 -4.91703e+08
4.14062 1.70312 -3.47128e+08
4.14062 1.76875 -2.98712e+08
4.21875 1.70312 -3.57047e+08
4.21875 1.76875 -3.06265e+08
4.14062 1.83437 -2.56399e+08
4.14062 1.9 -2.16028e+08
4.21875 1.83437 -2.62358e+08
4.21875 1.9 -2.20666e+08
4.375 1.70312 -3.65858e+08
4.375 1.76875 -3.12988e+08
4.375 1.83437 -2.67767e+08
4.375 1.9 -2.24902e+08
4.53125 0.98125 -8.26925e+14
4.53125 1.1125 -8.26926e+14
4.6875 0.98125 -8.26926e+14
4.6875 1.1125 -8.26926e+14
4.53125 1.24375 -8.26926e+14
4.53125 1.375 -8.26926e+14
4.6875 1.24375 -8.26926e+14
4.6875 1.375 -8.26926e+14
4.76562 0.98125 -8.26926e+14
4.76562 1.1125 -8.26926e+14
4.84375 0.98125 -8.26926e+14
4.84375 1.1125 -8.26926e+14
4.92188 0.98125 -8.26896e+14
4.92188 1.1125 -2.94675e+13
5 0.98125 -1.74296e+09
5 1.1125 -6.5993e+08
4.76562 1.24375 -8.26926e+14
4.84375 1.24375 -8.26914e+14
4.76562 1.375 -8.26926e+14
4.84375 1.375 -1.65668e+13
4.92188 1.24375 -5.19814e+09
5 1.24375 -4.59832e+08
4.92188 1.375 -8.60649e+08
5 1.375 -4.09706e+08
4.53125 1.44063 -8.26926e+14
4.53125 1.50625 -8.16515e+14
4.6875 1.44063 -8.26925e+14
4.6875 1.50625 -1.30122e+13
4.53125 1.57187 -3.66848e+09
4.53125 1.6375 -4.70954e+08
4.6875 1.57187 -1.12267e+09
4.6875 1.6375 -4.28293e+08
4.53125 1.70312 -3.60841e+08
4.53125 1.76875 -3.08897e+08
4.6875 1.70312 -3.43313e+08
4.6875 1.76875 -2.93891e+08
4.53125 1.83437 -2.64095e+08
4.53125 1.9 -2.21665e+08
4.6875 1.83437 -2.51045e+08
4.6875 1.9 -2.10638e+08
4.76562 1.44063 -7.78915e+14
4.76562 1.50625 -6.03149e+10
4.84375 1.44063 -3.35073e+10
4.84375 1.50625 -1.02168e+09
4.76562 1.57187 -7.11156e+08
4.76562 1.6375 -4.01507e+08
4.84375 1.57187 -4.68159e+08
4.84375 1.6375 -3.60047e+08
4.92188 1.44063 -5.96143e+08
4.92188 1.50625 -4.47955e+08
5 1.44063 -3.85508e+08
5 1.50625 -3.54066e+08
4.92188 1.57187 -3.70931e+08
4.92188 1.6375 -3.21159e+08
5 1.57187 -3.21377e+08
5 1.6375 -2.89822e+08
4.76562 1.70312 -3.27984e+08
4.76562 1.76875 -2.81346e+08
4.84375 1.70312 -3.06295e+08
4.84375 1.76875 -2.65337e+08
4.76562 1.83437 -2.40644e+08
4.76562 1.9 -2.02149e+08
4.84375 1.83437 -2.27867e+08
4.84375 1.9 -1.91903e+08
4.92188 1.70312 -2.82396e+08
4.92188 1.76875 -2.47282e+08
5 1.70312 -2.59067e+08
5 1.76875 -2.28551e+08
4.92188 1.83437 -2.13438e+08
4.92188 1.9 -1.80348e+08
5 1.83437 -1.98176e+08
5 1.9 -1.68016e+08
0.3125 2.03125 -9.18337e+07
-0 2.03125 -9.17348e+07
0.625 2.03125 -9.18692e+07
0.3125 2.1625 -4.2492e+07
-0 2.1625 -4.22985e+07
0.625 2.1625 -4.25216e+07
0.3125 2.22812 -2.00648e+07
-0 2.22812 -1.98166e+07
0.3125 2.29375 -5.67659e+06
-0 2.29375 -5.56969e+06
0.625 2.22812 -2.00835e+07
0.625 2.29375 -5.68277e+06
0.3125 2.35938 -2.42354e+06
-0 2.35938 -2.38579e+06
0.3125 2.425 -2.04942e+06
-0 2.425 -2.04101e+06
0.625 2.35938 -2.42634e+06
0.625 2.425 -2.05188e+06
0.3125 2.49062 747.373
-0 2.49062 748.555
0.3125 2.55625 3.70428
-0 2.55625 3.71108
0.625 2.49062 742.404
0.625 2.55625 3.68381
0.3125 2.6875 0.105819
-0 2.6875 0.106016
0.625 2.6875 0.105236
0.3125 2.95 0.0677171
-0 2.95 0.0678429
0.625 2.95 0.0673413
0.9375 2.03125 -9.189e+07
1.25 2.03125 -9.19195e+07
0.9375 2.1625 -4.25329e+07
1.25 2.1625 -4.25474e+07
0.9375 2.22812 -2.00891e+07
0.9375 2.29375 -5.6844e+06
1.25 2.22812 -2.00961e+07
1.25 2.29375 -5.68639e+06
0.9375 2.35938 -2.42705e+06
0.9375 2.425 -2.05257e+06
1.25 2.35938 -2.4279e+06
1.25 2.425 -2.05342e+06
0.9375 2.49062 734.342
0.9375 2.55625 3.64975
1.25 2.49062 723.03
1.25 2.55625 3.60195
0.9375 2.6875 0.104263
1.25 2.6875 0.102898
0.9375 2.95 0.0667144
1.25 2.95 0.0658341
1.5625 2.03125 -9.19809e+07
1.875 2.03125 -9.21184e+07
1.5625 2.1625 -4.25772e+07
1.875 2.1625 -4.26442e+07
1.5625 2.22812 -2.01104e+07
1.5625 2.29375 -5.69046e+06
1.875 2.22812 -2.01425e+07
1.875 2.29375 -5.69959e+06
1.5625 2.35938 -2.42965e+06
1.5625 2.425 -2.05506e+06
1.875 2.35938 -2.43356e+06
1.875 2.425 -2.05857e+06
1.5625 2.49062 708.429
1.5625 2.55625 3.54041
1.875 2.49062 690.424
1.875 2.55625 3.46487
1.5625 2.6875 0.101141
1.875 2.6875 0.0989833
1.5625 2.95 0.0646976
1.875 2.95 0.063298
2.1875 2.03125 -9.24301e+07
2.5 2.03125 -9.31329e+07
2.1875 2.1625 -4.27957e+07
2.5 2.1625 -4.31371e+07
2.1875 2.22812 -2.0215e+07
2.1875 2.29375 -5.72023e+06
2.5 2.22812 -2.03785e+07
2.5 2.29375 -5.76669e+06
2.1875 2.35938 -2.4424e+06
2.1875 2.425 -2.06633e+06
2.5 2.35938 -2.46231e+06
2.5 2.425 -2.08355e+06
2.1875 2.49062 668.774
2.1875 2.55625 3.37497
2.5 2.49062 642.993
2.5 2.55625 3.26995
2.1875 2.6875 0.0964139
2.5 2.6875 0.09341
2.1875 2.95 0.0616225
2.5 2.95 0.0596476
2.8125 2.03125 -9.47034e+07
3.125 2.03125 -9.81531e+07
2.8125 2.1625 -4.39006e+07
3.125 2.1625 -4.56026e+07
2.8125 2.22812 -2.0745e+07
2.8125 2.29375 -5.87104e+06
3.125 2.22812 -2.16106e+07
3.125 2.29375 -6.12924e+06
2.8125 2.35938 -2.50707e+06
2.8125 2.425 -2.12193e+06
3.125 2.35938 -2.6146e+06
3.125 2.425 -2.2046e+06
2.8125 2.49062 611.798
2.8125 2.55625 3.14723
3.125 2.49062 572.665
3.125 2.55625 2.99809
2.8125 2.6875 0.0899103
3.125 2.6875 0.0857039
2.8125 2.95 0.0573234
3.125 2.95 0.054551
3.28125 2.03125 -1.01258e+08
3.4375 2.03125 -1.05507e+08
3.28125 2.1625 -4.70281e+07
3.4375 2.1625 -4.9028e+07
3.59375 2.03125 -1.114e+08
3.75 2.03125 -1.1856e+08
3.59375 2.1625 -5.17447e+07
3.75 2.1625 -5.51645e+07
3.28125 2.22812 -2.22359e+07
3.4375 2.22812 -2.31804e+07
3.28125 2.29375 -6.29308e+06
3.4375 2.29375 -6.55946e+06
3.59375 2.22812 -2.44594e+07
3.75 2.22812 -2.60502e+07
3.59375 2.29375 -6.91977e+06
3.75 2.29375 -7.3664e+06
3.28125 2.35938 -2.68807e+06
3.4375 2.35938 -2.80177e+06
3.28125 2.425 -2.2752e+06
3.4375 2.425 -2.37228e+06
3.59375 2.35938 -2.9556e+06
3.75 2.35938 -3.14562e+06
3.59375 2.425 -2.50259e+06
3.75 2.425 -2.664e+06
3.28125 2.49062 547.22
3.4375 2.49062 520.783
3.28125 2.55625 2.89575
3.4375 2.55625 2.81783
3.59375 2.49062 488.768
3.75 2.49062 453.649
3.59375 2.55625 2.70535
3.75 2.55625 2.60737
3.28125 2.6875 0.0814631
3.4375 2.6875 0.0805987
3.59375 2.6875 0.0761503
3.75 2.6875 0.0746076
3.4375 2.95 0.0513236
3.75 2.95 0.0474606
3.82812 1.96562 -1.55508e+08
3.82812 2.03125 -1.22669e+08
3.90625 1.96562 -1.61225e+08
3.90625 2.03125 -1.26922e+08
3.98438 1.96562 -1.66903e+08
3.98438 2.03125 -1.31118e+08
4.0625 1.96562 -1.72217e+08
4.0625 2.03125 -1.3503e+08
4.14062 1.96562 -1.76793e+08
4.14062 2.03125 -1.38371e+08
4.21875 1.96562 -1.80326e+08
4.21875 2.03125 -1.40979e+08
4.375 1.96562 -1.83542e+08
4.375 2.03125 -1.43332e+08
3.90625 2.1625 -5.87035e+07
4.0625 2.1625 -6.21797e+07
4.21875 2.1625 -6.465e+07
4.375 2.1625 -6.56951e+07
3.90625 2.22812 -2.77068e+07
4.0625 2.22812 -2.93108e+07
3.90625 2.29375 -7.83202e+06
4.0625 2.29375 -8.28052e+06
4.21875 2.22812 -3.04569e+07
4.375 2.22812 -3.09251e+07
4.21875 2.29375 -8.60089e+06
4.375 2.29375 -8.73012e+06
3.90625 2.35938 -3.34411e+06
4.0625 2.35938 -3.53453e+06
3.90625 2.425 -2.83205e+06
4.0625 2.425 -2.99357e+06
4.21875 2.35938 -3.67079e+06
4.375 2.35938 -3.72515e+06
4.21875 2.425 -3.1086e+06
4.375 2.425 -3.15494e+06
3.90625 2.49062 414.126
4.0625 2.49062 373.219
3.90625 2.55625 2.47321
4.0625 2.55625 2.35046
4.21875 2.49062 331.969
4.375 2.49062 293.799
4.21875 2.55625 2.19592
4.375 2.55625 2.05498
3.90625 2.6875 0.0696599
4.0625 2.6875 0.0673335
4.21875 2.6875 0.06196
4.375 2.6875 0.0590099
4.0625 2.95 0.0429365
4.375 2.95 0.0379211
4.53125 1.96562 -1.80785e+08
4.53125 2.03125 -1.411e+08
4.6875 1.96562 -1.7178e+08
4.6875 2.03125 -1.34059e+08
4.76562 1.96562 -1.65021e+08
4.76562 2.03125 -1.28881e+08
4.84375 1.96562 -1.56958e+08
4.84375 2.03125 -1.22789e+08
4.92188 1.96562 -1.47872e+08
4.92188 2.03125 -1.159e+08
5 1.96562 -1.38131e+08
5 2.03125 -1.08518e+08
4.53125 2.1625 -6.46212e+07
4.6875 2.1625 -6.12705e+07
4.84375 2.1625 -5.64047e+07
5 2.1625 -5.0108e+07
4.53125 2.22812 -3.04135e+07
4.6875 2.22812 -2.886e+07
4.53125 2.29375 -8.58495e+06
4.6875 2.29375 -8.15031e+06
4.84375 2.22812 -2.65729e+07
5 2.22812 -2.36418e+07
4.84375 2.29375 -7.50602e+06
5 2.29375 -6.68354e+06
4.53125 2.35938 -3.66316e+06
4.6875 2.35938 -3.47823e+06
4.53125 2.425 -3.10211e+06
4.6875 2.425 -2.94656e+06
4.84375 2.35938 -3.2036e+06
5 2.35938 -2.85343e+06
4.84375 2.425 -2.71366e+06
5 2.425 -2.41797e+06
4.53125 2.49062 260.595
4.6875 2.49062 234.422
4.53125 2.55625 1.89256
4.6875 2.55625 1.75033
4.84375 2.49062 214.532
5 2.49062 201.394
4.84375 2.55625 1.59942
5 2.55625 1.47515
4.53125 2.6875 0.0535602
4.6875 2.6875 0.050424
4.84375 2.6875 0.0454177
5 2.6875 0.0426233
4.6875 2.95 0.0328149
5 2.95 0.0281171
0.3125 3.2125 0.0503842
-0 3.2125 0.050478
0.3125 3.475 0.0335114
-0 3.475 0.0335739
0.625 3.2125 0.050103
0.625 3.475 0.0333233
0.9375 3.2125 0.0496331
0.9375 3.475 0.0330093
1.25 3.2125 0.0489729
1.25 3.475 0.0325672
1.5625 3.2125 0.0481188
1.5625 3.475 0.0319946
1.875 3.2125 0.0470634
1.875 3.475 0.0312856
2.1875 3.2125 0.045795
2.1875 3.475 0.0304316
2.5 3.2125 0.0442922
2.5 3.475 0.0294161
2.8125 3.2125 0.0425189
2.8125 3.475 0.028218
3.125 3.2125 0.0404238
3.125 3.475 0.0268082
3.4375 3.2125 0.0379742
3.4375 3.475 0.0251644
3.75 3.2125 0.0351067
3.75 3.475 0.0232654
4.0625 3.2125 0.0318331
4.0625 3.475 0.0211312
4.375 3.2125 0.0282796
4.375 3.475 0.0188441
4.6875 3.2125 0.0246911
4.6875 3.475 0.0165446
5 3.2125 0.0213576
5 3.475 0.0143945
0.3125 3.7375 0.0167323
-0 3.7375 0.0167641
0.3125 4 -1.95187e-06
0.625 3.7375 0.0166383
0.625 4 -1.95187e-06
0.9375 3.7375 0.016481
0.9375 4 -1.95187e-06
1.25 3.7375 0.0162593
1.25 4 -1.95187e-06
1.5625 3.7375 0.0159721
1.5625 4 -1.95187e-06
1.875 3.7375 0.0156155
1.875 4 -1.95187e-06
2.1875 3.7375 0.015186
2.1875 4 -1.95187e-06
2.5 3.7375 0.0146746
2.5 4 -1.95187e-06
2.8125 3.7375 0.0140711
2.8125 4 -1.95187e-06
3.125 3.7375 0.0133624
3.125 4 -1.95187e-06
3.4375 3.7375 0.0125384
3.4375 4 -1.95187e-06
3.75 3.7375 0.0115936
3.75 4 -1.95187e-06
4.0625 3.7375 0.0105405
4.0625 4 -1.95187e-06
4.375 3.7375 0.00941982
4.375 4 -1.95187e-06
4.6875 3.7375 0.0082957
4.6875 4 -1.95187e-06
5 3.7375 0.00724021
5 4 -1.95187e-06
5.07812 -0 -8.26443e+14
5.07812 0.0625 -8.2626e+14
5.15625 -0 -1.09194e+09
5.15625 0.0625 -1.06906e+09
5.23438 -0 -4.23905e+08
5.23438 0.0625 -4.23249e+08
5.3125 -0 -3.94693e+08
5.3125 0.0625 -3.9396e+08
5.07812 0.19375 -8.16701e+14
5.07812 0.325 -2.61046e+14
5.15625 0.19375 -9.03796e+08
5.15625 0.325 -6.95127e+08
5.23438 0.19375 -4.17905e+08
5.3125 0.19375 -3.8824e+08
5.23438 0.325 -4.08744e+08
5.3125 0.325 -3.78702e+08
5.39062 -0 -3.78743e+08
5.39062 0.0625 -3.77581e+08
5.46875 -0 -3.65284e+08
5.46875 0.0625 -3.63599e+08
5.54688 -0 -3.08072e+08
5.54688 0.0625 -3.06207e+08
5.625 -0 -1.52018e+07
5.625 0.0625 -1.51176e+07
5.39062 0.128125 -3.73944e+08
5.39062 0.19375 -3.68482e+08
5.46875 0.128125 -3.58394e+08
5.46875 0.19375 -3.50531e+08
5.39062 0.259375 -3.616e+08
5.39062 0.325 -3.54332e+08
5.46875 0.259375 -3.4052e+08
5.46875 0.325 -3.30452e+08
5.54688 0.128125 -3.04116e+08
5.54688 0.19375 -3.16959e+08
5.625 0.128125 -1.69382e+07
5.625 0.19375 -6.4457e+07
5.54688 0.259375 -3.16571e+08
5.54688 0.325 -3.04887e+08
5.625 0.259375 -2.38768e+08
5.625 0.325 -2.72226e+08
5.07812 0.45625 -5.36495e+11
5.07812 0.5875 -3.43572e+09
5.15625 0.45625 -5.30804e+08
5.15625 0.5875 -4.39254e+08
5.23438 0.45625 -3.97312e+08
5.23438 0.5875 -3.84424e+08
5.3125 0.45625 -3.67503e+08
5.3125 0.5875 -3.55602e+08
5.07812 0.71875 -8.92207e+08
5.07812 0.85 -5.30045e+08
5.15625 0.71875 -4.10721e+08
5.15625 0.85 -3.93228e+08
5.23438 0.71875 -3.72676e+08
5.23438 0.85 -3.60409e+08
5.3125 0.71875 -3.4378e+08
5.3125 0.85 -3.31317e+08
5.46875 0.390625 -3.21434e+08
5.46875 0.45625 -3.13668e+08
5.54688 0.390625 -2.9428e+08
5.54688 0.45625 -2.856e+08
5.625 0.390625 -2.64129e+08
5.625 0.45625 -2.55989e+08
5.46875 0.5875 -3.00013e+08
5.625 0.5875 -2.43241e+08
5.46875 0.85 -2.75551e+08
5.625 0.85 -2.21301e+08
5.70312 -0 -3.03388e+06
5.70312 0.0625 -3.41738e+06
5.78125 0.0625 -2.00641e+06
5.9375 -0 -3.2502e-08
5.9375 0.0625 -837831
5.70312 0.128125 -3.42059e+06
5.70312 0.19375 -3.8291e+06
5.78125 0.128125 -2.94106e+06
5.78125 0.19375 -2.2299e+06
5.70312 0.259375 -5.9462e+07
5.70312 0.325 -2.21074e+08
5.78125 0.259375 -2.56812e+07
5.78125 0.325 -1.77337e+08
5.9375 0.128125 -1.41798e+06
5.9375 0.19375 -1.27776e+06
5.9375 0.259375 -1.57368e+07
5.9375 0.325 -1.14053e+08
6.01562 -0 -178143
6.01562 0.0625 -340374
6.09375 -0 -176214
6.09375 0.0625 -239403
6.17188 -0 -4.42736e+06
6.17188 0.0625 -5.23069e+06
6.25 -0 -3.18466e+06
6.25 0.0625 -3.69687e+06
6.01562 0.128125 -581872
6.01562 0.19375 -834881
6.09375 0.128125 -552287
6.09375 0.19375 -4.42435e+06
6.01562 0.259375 -1.58504e+07
6.01562 0.325 -8.55864e+07
6.09375 0.259375 -3.6813e+07
6.09375 0.325 -5.99218e+07
6.17188 0.128125 -8.2809e+06
6.17188 0.19375 -1.60288e+07
6.25 0.128125 -5.35451e+06
6.25 0.19375 -8.38407e+06
6.17188 0.259375 -2.73383e+07
6.17188 0.325 -3.56167e+07
6.25 0.259375 -1.22294e+07
6.25 0.325 -1.58182e+07
5.70312 0.390625 -2.30072e+08
5.70312 0.45625 -2.24634e+08
5.78125 0.390625 -1.9512e+08
5.78125 0.45625 -1.9251e+08
5.9375 0.390625 -1.28272e+08
5.9375 0.45625 -1.2891e+08
5.78125 0.5875 -1.85202e+08
5.9375 0.5875 -1.26946e+08
5.9375 0.85 -1.18041e+08
6.01562 0.390625 -9.63882e+07
6.01562 0.45625 -9.86354e+07
6.09375 0.390625 -6.6624e+07
6.09375 0.45625 -6.98737e+07
6.09375 0.5875 -7.17271e+07
6.09375 0.85 -6.78783e+07
6.17188 0.390625 -4.04137e+07
6.17188 0.45625 -4.33151e+07
6.25 0.45625 -1.92733e+07
6.17188 0.5875 -4.53744e+07
6.25 0.5875 -2.05085e+07
6.17188 0.85 -4.33561e+07
6.25 0.85 -1.98074e+07
5.07812 0.98125 -4.25984e+08
5.07812 1.1125 -3.99289e+08
5.15625 0.98125 -3.76519e+08
5.15625 1.1125 -3.60738e+08
5.23438 0.98125 -3.46099e+08
5.23438 1.1125 -3.3012e+08
5.3125 0.98125 -3.17148e+08
5.3125 1.1125 -3.01256e+08
5.07812 1.24375 -3.76604e+08
5.15625 1.24375 -3.41149e+08
5.07812 1.375 -3.50676e+08
5.15625 1.375 -3.15691e+08
5.23438 1.24375 -3.10477e+08
5.3125 1.24375 -2.81928e+08
5.23438 1.375 -2.85682e+08
5.3125 1.375 -2.58281e+08
5.46875 1.1125 -2.47503e+08
5.625 1.1125 -1.96901e+08
5.46875 1.24375 -2.29681e+08
5.46875 1.375 -2.09267e+08
5.625 1.375 -1.65672e+08
5.07812 1.44063 -3.33239e+08
5.07812 1.50625 -3.12111e+08
5.15625 1.44063 -2.99636e+08
5.15625 1.50625 -2.81268e+08
5.07812 1.57187 -2.88418e+08
5.07812 1.6375 -2.63144e+08
5.15625 1.57187 -2.60894e+08
5.15625 1.6375 -2.38951e+08
5.07812 1.70312 -2.36862e+08
5.07812 1.76875 -2.09958e+08
5.15625 1.70312 -2.15852e+08
5.15625 1.76875 -1.91952e+08
5.07812 1.83437 -1.82721e+08
5.07812 1.9 -1.55359e+08
5.15625 1.83437 -1.6751e+08
5.15625 1.9 -1.42658e+08
5.23438 1.44063 -2.70771e+08
5.23438 1.50625 -2.54181e+08
5.3125 1.44063 -2.44478e+08
5.3125 1.50625 -2.29441e+08
5.23438 1.57187 -2.36038e+08
5.23438 1.6375 -2.16586e+08
5.3125 1.57187 -2.13136e+08
5.3125 1.6375 -1.9579e+08
5.23438 1.70312 -1.96076e+08
5.23438 1.76875 -1.74775e+08
5.3125 1.70312 -1.77473e+08
5.3125 1.76875 -1.58408e+08
5.23438 1.83437 -1.52923e+08
5.23438 1.9 -1.30758e+08
5.3125 1.9 -1.19235e+08
5.46875 1.50625 -1.85466e+08
5.625 1.50625 -1.46138e+08
5.46875 1.6375 -1.58395e+08
5.625 1.6375 -1.24657e+08
5.46875 1.76875 -1.28744e+08
5.625 1.76875 -1.0127e+08
5.46875 1.9 -9.68306e+07
5.625 1.9 -7.63396e+07
5.9375 1.1125 -1.04295e+08
5.9375 1.375 -8.65326e+07
6.09375 1.1125 -6.0184e+07
6.09375 1.375 -4.99429e+07
6.17188 1.1125 -3.85073e+07
6.25 1.1125 -1.76218e+07
6.17188 1.375 -3.19583e+07
6.25 1.375 -1.46259e+07
5.9375 1.6375 -6.53518e+07
5.9375 1.9 -4.0666e+07
6.09375 1.6375 -3.76117e+07
6.09375 1.9 -2.32163e+07
6.17188 1.6375 -2.40401e+07
6.25 1.6375 -1.09863e+07
6.17188 1.9 -1.479e+07
6.25 1.9 -6.72898e+06
6.32812 -0 -811504
6.32812 0.0625 -990577
6.40625 -0 -365682
6.40625 0.0625 -432852
6.32812 0.19375 -1.97853e+06
6.32812 0.325 -3.41693e+06
6.40625 0.19375 -848919
6.40625 0.325 -1.44665e+06
6.48438 -0 -92085
6.48438 0.0625 -102940
6.5625 -0 0.189259
6.5625 0.0625 0.201349
6.48438 0.19375 -160660
6.48438 0.325 -306478
6.5625 0.19375 0.267812
6.5625 0.325 0.740715
6.71875 -0 0.00185725
6.71875 0.0625 0.00205029
6.71875 0.325 0.00472584
6.875 -0 0.00313756
6.875 0.0625 0.00319
6.875 0.325 0.00448128
6.32812 0.45625 -4.3248e+06
6.32812 0.5875 -4.67104e+06
6.40625 0.45625 -1.83363e+06
6.40625 0.5875 -1.97374e+06
6.32812 0.85 -4.5888e+06
6.40625 0.85 -1.9245e+06
6.48438 0.45625 -359169
6.48438 0.5875 -509241
6.5625 0.45625 1.00235
6.5625 0.5875 2.51568
6.48438 0.85 -571983
6.5625 0.85 5.22738
6.71875 0.5875 0.00969513
6.71875 0.85 0.0163631
6.875 0.5875 0.00702303
6.875 0.85 0.0102947
7.1875 -0 0.00581147
7.1875 0.0625 0.00583786
7.1875 0.325 0.00653117
7.5 -0 0.0072256
7.5 0.0625 0.00724074
7.5 0.325 0.0076305
7.1875 0.5875 0.00796837
7.1875 0.85 0.00983018
7.5 0.5875 0.00845473
7.5 0.85 0.00953538
6.32812 1.1125 -4.09427e+06
6.40625 1.1125 -1.71554e+06
6.32812 1.375 -3.39703e+06
6.40625 1.375 -1.424e+06
6.48438 1.1125 -520806
6.5625 1.1125 7.56377
6.48438 1.375 -427554
6.5625 1.375 9.41287
6.71875 1.1125 0.0220707
6.71875 1.375 0.0268461
6.875 1.1125 0.0133572
6.875 1.375 0.0159699
6.32812 1.6375 -2.53742e+06
6.40625 1.6375 -1.06744e+06
6.32812 1.9 -1.51044e+06
6.40625 1.9 -647317
6.48438 1.6375 -298360
6.5625 1.6375 10.2147
6.48438 1.9 -116221
6.5625 1.9 7.37937
6.71875 1.6375 0.0303562
6.71875 1.9 0.0315493
6.875 1.6375 0.0179603
6.875 1.9 0.0191279
7.1875 1.1125 0.0117103
7.1875 1.375 0.0133451
7.5 1.1125 0.0106544
7.5 1.375 0.0116229
7.1875 1.6375 0.0145443
7.1875 1.9 0.0151445
7.5 1.6375 0.0122884
7.5 1.9 0.0125285
5.07812 1.96562 -1.28054e+08
5.07812 2.03125 -1.00848e+08
5.15625 2.03125 -9.31071e+07
5.3125 2.03125 -7.82803e+07
5.46875 2.03125 -6.35964e+07
5.625 2.03125 -5.01764e+07
5.15625 2.1625 -4.34687e+07
5.3125 2.1625 -3.63362e+07
5.46875 2.1625 -2.95788e+07
5.625 2.1625 -2.33308e+07
5.15625 2.22812 -2.05104e+07
5.3125 2.22812 -1.7175e+07
5.15625 2.29375 -5.79917e+06
5.3125 2.29375 -4.85999e+06
5.46875 2.22812 -1.39883e+07
5.625 2.22812 -1.10071e+07
5.46875 2.29375 -3.95786e+06
5.625 2.29375 -3.10424e+06
5.15625 2.35938 -2.47609e+06
5.3125 2.35938 -2.07599e+06
5.15625 2.425 -2.0976e+06
5.3125 2.425 -1.75882e+06
5.46875 2.35938 -1.69141e+06
5.625 2.35938 -1.32961e+06
5.46875 2.425 -1.43152e+06
5.625 2.425 -1.12643e+06
5.15625 2.49062 193.026
5.3125 2.49062 189.678
5.15625 2.55625 1.35138
5.3125 2.55625 1.25507
5.46875 2.49062 188.612
5.625 2.49062 188.162
5.46875 2.55625 1.15927
5.625 2.55625 1.07843
5.15625 2.6875 0.0384798
5.3125 2.6875 0.0363745
5.46875 2.6875 0.0332267
5.625 2.6875 0.031921
5.3125 2.95 0.0242128
5.625 2.95 0.0212496
5.9375 2.03125 -2.65808e+07
5.9375 2.1625 -1.23335e+07
5.9375 2.22812 -5.82218e+06
5.9375 2.29375 -1.62356e+06
5.9375 2.35938 -700439
5.9375 2.425 -570444
6.09375 2.03125 -1.52207e+07
6.09375 2.1625 -7.02238e+06
6.17188 2.03125 -9.67071e+06
6.25 2.03125 -4.34292e+06
6.17188 2.1625 -4.41199e+06
6.25 2.1625 -1.9132e+06
6.09375 2.22812 -3.26755e+06
6.09375 2.29375 -861296
6.17188 2.22812 -1.99793e+06
6.25 2.22812 -795949
6.17188 2.29375 -485108
6.25 2.29375 -168333
6.09375 2.35938 -388021
6.09375 2.425 -271992
6.17188 2.35938 -239605
6.25 2.35938 -105186
6.17188 2.425 -112300
6.25 2.425 -3729.93
5.9375 2.49062 168.58
5.9375 2.55625 0.839877
6.09375 2.49062 96.4881
6.09375 2.55625 0.499809
6.17188 2.49062 45.3844
6.25 2.49062 13.2431
6.17188 2.55625 0.281674
6.25 2.55625 0.158485
5.9375 2.6875 0.0287416
6.09375 2.6875 0.0261588
6.25 2.6875 0.0239378
5.9375 2.95 0.0190121
6.25 2.95 0.0170346
6.32812 2.03125 -913698
6.40625 2.03125 -413356
6.32812 2.1625 -350481
6.40625 2.1625 -183931
6.48438 2.03125 -22143.3
6.5625 2.03125 2.68626
6.48438 2.1625 1244.61
6.5625 2.1625 1.28338
6.32812 2.22812 -128759
6.32812 2.29375 -54010.5
6.40625 2.22812 -92154.1
6.40625 2.29375 -40542
6.48438 2.22812 482.216
6.48438 2.29375 42.8916
6.5625 2.29375 0.136673
6.32812 2.35938 -49412.1
6.32812 2.425 564.225
6.40625 2.35938 1127.29
6.40625 2.425 6.96185
6.48438 2.35938 2.14188
6.48438 2.425 0.166552
6.5625 2.425 0.0369423
6.71875 2.1625 0.0277098
6.875 2.1625 0.0190582
6.71875 2.425 0.0208712
6.875 2.425 0.0175948
6.32812 2.49062 1.82972
6.40625 2.49062 0.174755
6.32812 2.55625 0.0702036
6.40625 2.55625 0.0370017
6.40625 2.6875 0.020869
6.5625 2.55625 0.0222699
6.5625 2.6875 0.0186572
6.5625 2.95 0.014786
6.71875 2.6875 0.0169333
6.875 2.6875 0.0152321
6.875 2.95 0.0124513
7.1875 2.1625 0.0149885
7.1875 2.425 0.0140224
7.5 2.1625 0.0122576
7.5 2.425 0.0114517
7.1875 2.6875 0.0123766
7.1875 2.95 0.0102765
7.5 2.6875 0.0101669
7.5 2.95 0.00850817
5.3125 3.2125 0.0185053
5.3125 3.475 0.0125187
5.625 3.2125 0.016214
5.625 3.475 0.0109611
5.9375 3.2125 0.0143747
5.9375 3.475 0.0096687
6.25 3.2125 0.0127495
6.25 3.475 0.00852357
6.5625 3.2125 0.0110957
6.5625 3.475 0.0074158
6.875 3.2125 0.00943497
6.875 3.475 0.00633711
7.1875 3.2125 0.0078908
7.1875 3.475 0.005339
7.5 3.2125 0.00658157
7.5 3.475 0.00447669
5.3125 3.7375 0.00630951
5.3125 4 -1.95187e-06
5.625 3.7375 0.0055229
5.625 4 -1.95187e-06
5.9375 3.7375 0.00485986
5.9375 4 -1.95187e-06
6.25 3.7375 0.00427179
6.25 4 -1.95187e-06
6.5625 3.7375 0.00371523
6.5625 4 -1.95187e-06
6.875 3.7375 0.00318211
6.875 4 -1.95187e-06
7.1875 3.7375 0.00269075
7.1875 4 -1.95187e-06
7.5 3.7375 0.00226313
7.5 4 -1.95187e-06
7.8125 -0 0.00788958
7.8125 0.0625 0.00789812
7.8125 0.325 0.00811596
8.125 -0 0.00813184
8.125 0.0625 0.00813672
8.125 0.325 0.0082537
7.8125 0.5875 0.00858021
7.8125 0.85 0.00918928
8.125 0.5875 0.00850035
8.125 0.85 0.00881783
8.4375 -0 0.00814942
8.4375 0.0625 0.00815137
8.4375 0.325 0.00820681
8.75 -0 0.0080593
8.75 0.0625 0.00806004
8.75 0.325 0.00807786
8.4375 0.5875 0.00832037
8.4375 0.85 0.00845615
8.75 0.5875 0.00810888
8.75 0.85 0.00813086
7.8125 1.1125 0.00981569
7.8125 1.375 0.0103349
8.125 1.1125 0.00912896
8.125 1.375 0.00935242
7.8125 1.6375 0.0106384
7.8125 1.9 0.0106414
8.125 1.6375 0.00941518
8.125 1.9 0.00925913
8.4375 1.1125 0.00856605
8.4375 1.375 0.00859755
8.75 1.1125 0.00811376
8.75 1.375 0.00802267
8.4375 1.6375 0.00850255
8.4375 1.9 0.00824075
8.75 1.6375 0.00782535
8.75 1.9 0.00749566
9.0625 -0 0.00793524
9.0625 0.0625 0.007935
9.0625 0.325 0.00792963
9.375 -0 0.0078212
9.375 0.0625 0.00782046
9.375 0.325 0.00780141
9.0625 0.5875 0.00791033
9.0625 0.85 0.00786198
9.375 0.5875 0.00775208
9.375 0.85 0.00766221
9.0625 1.1125 0.00776527
9.0625 1.375 0.00759725
9.375 1.1125 0.00751813
9.375 1.375 0.00730371
9.0625 1.6375 0.00733619
9.0625 1.9 0.00696376
9.375 1.6375 0.0070043
9.375 1.9 0.00660648
9.6875 -0 0.00774378
9.6875 0.0625 0.00774305
9.6875 0.325 0.00771667
10 -0 0.00771667
10 0.0625 0.00771569
10 0.325 0.00768712
9.6875 0.5875 0.00765171
9.6875 0.85 0.00753986
10 0.5875 0.00761728
10 0.85 0.00749859
9.6875 1.1125 0.00737086
9.6875 1.375 0.00713202
10 1.1125 0.00732153
10 1.375 0.00707537
9.6875 1.6375 0.00681186
9.6875 1.9 0.00640085
10 1.6375 0.00674885
10 1.9 0.00633369
7.8125 2.1625 0.0102875
7.8125 2.425 0.00956098
8.125 2.1625 0.00884616
8.125 2.425 0.00816261
7.8125 2.6875 0.00848668
7.8125 2.95 0.00711957
8.125 2.6875 0.00722141
8.125 2.95 0.0060526
8.4375 2.1625 0.00778749
8.4375 2.425 0.0071308
8.75 2.1625 0.00701553
8.75 2.425 0.00637789
8.4375 2.6875 0.00627776
8.4375 2.95 0.00524742
8.75 2.6875 0.00558591
8.75 2.95 0.00465252
7.8125 3.2125 0.00552534
7.8125 3.475 0.00376895
8.125 3.2125 0.00469892
8.125 3.475 0.00320775
8.4375 3.2125 0.0040686
8.4375 3.475 0.00277574
8.75 3.2125 0.00359947
8.75 3.475 0.0024524
7.8125 3.7375 0.00190853
7.8125 4 -1.95187e-06
8.125 3.7375 0.00162524
8.125 4 -1.95187e-06
8.4375 3.7375 0.00140594
8.4375 4 -1.95187e-06
8.75 3.7375 0.00124134
8.75 4 -1.95187e-06
9.0625 2.1625 0.00646776
9.0625 2.425 0.00584331
9.375 2.1625 0.00610193
9.375 2.425 0.00548749
9.0625 2.6875 0.00509357
9.0625 2.95 0.00422808
9.375 2.6875 0.00476535
9.375 2.95 0.00394454
9.6875 2.1625 0.00589191
9.6875 2.425 0.00528308
10 2.1625 0.00582353
10 2.425 0.00521665
9.6875 2.6875 0.00457706
9.6875 2.95 0.0037819
10 2.6875 0.004516
10 2.95 0.0037289
9.0625 3.2125 0.00326319
9.0625 3.475 0.0022199
9.375 3.2125 0.00303802
9.375 3.475 0.00206385
9.0625 3.7375 0.00112265
9.0625 4 -1.95187e-06
9.375 3.7375 0.00104279
9.375 4 -1.95187e-06
9.6875 3.2125 0.00290859
9.6875 3.475 0.00197398
10 3.2125 0.00286658
10 3.475 0.00194468
9.6875 3.7375 0.000997125
9.6875 4 -1.95187e-06
10 3.7375 0.000981984
-0 -0 4.3923e-07
0.1 -0 4.3923e-07
5.765 -0 -3.2502e-08
5.965 -0 -3.2502e-08
10 4 -1.95187e-06
-0 4 -1.95187e-06
0.1 0.0625 -3.29261e+06
