0.3125 -0 1e-05
0.3125 0.0625 1e-05
-0 0.0625 1e-05
0.625 -0 1e-05
0.625 0.0625 1e-05
0.3125 0.19375 1e-05
-0 0.19375 1e-05
0.625 0.19375 1e-05
0.3125 0.259375 1e-05
-0 0.259375 1e-05
0.3125 0.325 1e-05
-0 0.325 1e-05
0.625 0.259375 1e-05
0.625 0.325 1e-05
0.3125 0.390625 1e-05
-0 0.390625 1e-05
0.3125 0.45625 1e-05
-0 0.45625 1e-05
0.625 0.390625 1e-05
0.625 0.45625 1e-05
0.3125 0.521875 1e-05
-0 0.521875 1e-05
0.3125 0.5875 1e-05
-0 0.5875 1e-05
0.625 0.521875 1e-05
0.625 0.5875 1e-05
0.3125 0.653125 1e-05
-0 0.653125 1e-05
0.3125 0.71875 1e-05
-0 0.71875 1e-05
0.625 0.653125 1e-05
0.625 0.71875 1e-05
0.3125 0.784375 1e-05
-0 0.784375 1e-05
0.3125 0.85 1e-05
-0 0.85 1e-05
0.625 0.784375 1e-05
0.625 0.85 1e-05
0.9375 -0 1e-05
0.9375 0.0625 1e-05
1.25 -0 1e-05
1.25 0.0625 1e-05
0.9375 0.19375 1e-05
1.25 0.19375 1e-05
0.9375 0.259375 1e-05
0.9375 0.325 1e-05
1.25 0.259375 1e-05
1.25 0.325 1e-05
0.9375 0.390625 1e-05
0.9375 0.45625 1e-05
1.25 0.390625 1e-05
1.25 0.45625 1e-05
0.9375 0.521875 1e-05
0.9375 0.5875 1e-05
1.25 0.521875 1e-05
1.25 0.5875 1e-05
0.9375 0.653125 1e-05
0.9375 0.71875 1e-05
1.25 0.653125 1e-05
1.25 0.71875 1e-05
0.9375 0.784375 1e-05
0.9375 0.85 1e-05
1.25 0.784375 1e-05
1.25 0.85 1e-05
0.3125 0.915625 1e-05
-0 0.915625 1e-05
0.3125 0.98125 1e-05
-0 0.98125 1e-05
0.625 0.915625 1e-05
0.625 0.98125 1e-05
0.3125 1.1125 1e-05
-0 1.1125 1e-05
0.625 1.1125 1e-05
0.3125 1.375 1e-05
-0 1.375 1e-05
0.625 1.375 1e-05
0.3125 1.6375 1e-05
-0 1.6375 1e-05
0.625 1.6375 1e-05
0.3125 1.9 1e-05
-0 1.9 1e-05
0.625 1.9 1e-05
0.9375 0.915625 1e-05
0.9375 0.98125 1e-05
1.25 0.915625 1e-05
1.25 0.98125 1e-05
0.9375 1.1125 1e-05
1.25 1.1125 1e-05
0.9375 1.375 1e-05
1.25 1.375 1e-05
0.9375 1.6375 1e-05
1.25 1.6375 1e-05
0.9375 1.9 1e-05
1.25 1.9 1e-05
1.5625 -0 1e-05
1.5625 0.0625 1e-05
1.875 -0 1e-05
1.875 0.0625 1e-05
1.5625 0.19375 1e-05
1.875 0.19375 1e-05
1.5625 0.259375 1e-05
1.5625 0.325 1e-05
1.875 0.259375 1e-05
1.875 0.325 1e-05
1.5625 0.390625 1e-05
1.5625 0.45625 1e-05
1.875 0.390625 1e-05
1.875 0.45625 1e-05
1.5625 0.521875 1e-05
1.5625 0.5875 1e-05
1.875 0.521875 1e-05
1.875 0.5875 1e-05
1.5625 0.653125 1e-05
1.5625 0.71875 1e-05
1.875 0.653125 1e-05
1.875 0.71875 1e-05
1.5625 0.784375 1e-05
1.5625 0.85 1e-05
1.875 0.784375 1e-05
1.875 0.85 1e-05
2.1875 -0 1e-05
2.1875 0.0625 1e-05
2.5 -0 1e-05
2.5 0.0625 1e-05
2.1875 0.19375 1e-05
2.5 0.19375 1e-05
2.1875 0.259375 1e-05
2.1875 0.325 1e-05
2.5 0.259375 1e-05
2.5 0.325 1e-05
2.1875 0.390625 1e-05
2.1875 0.45625 1e-05
2.5 0.390625 1e-05
2.5 0.45625 1e-05
2.1875 0.521875 1e-05
2.1875 0.5875 1e-05
2.5 0.521875 1e-05
2.5 0.5875 1e-05
2.1875 0.653125 1e-05
2.1875 0.71875 1e-05
2.5 0.653125 1e-05
2.5 0.71875 1e-05
2.1875 0.784375 1e-05
2.1875 0.85 1e-05
2.5 0.784375 1e-05
2.5 0.85 1e-05
1.5625 0.915625 1e-05
1.5625 0.98125 1e-05
1.875 0.915625 1e-05
1.875 0.98125 1e-05
1.5625 1.1125 1e-05
1.875 1.1125 1e-05
1.5625 1.375 1e-05
1.875 1.375 1e-05
1.5625 1.6375 1e-05
1.875 1.6375 1e-05
1.5625 1.9 1e-05
1.875 1.9 1e-05
2.1875 0.915625 1e-05
2.1875 0.98125 1e-05
2.5 0.915625 1e-05
2.5 0.98125 1e-05
2.1875 1.1125 1e-05
2.5 1.1125 1e-05
2.1875 1.375 1e-05
2.5 1.375 1e-05
2.1875 1.6375 1e-05
2.5 1.6375 1e-05
2.1875 1.9 1e-05
2.5 1.9 1e-05
2.8125 -0 1e-05
2.8125 0.0625 1e-05
3.125 -0 1e-05
3.125 0.0625 1e-05
2.8125 0.19375 1e-05
3.125 0.19375 1e-05
2.8125 0.259375 1e-05
2.8125 0.325 1e-05
3.125 0.259375 1e-05
3.125 0.325 1e-05
2.8125 0.390625 1e-05
2.8125 0.45625 1e-05
3.125 0.390625 1e-05
3.125 0.45625 1e-05
2.8125 0.521875 1e-05
2.8125 0.5875 1e-05
3.125 0.521875 1e-05
3.125 0.5875 1e-05
2.8125 0.653125 1e-05
2.8125 0.71875 1e-05
3.125 0.653125 1e-05
3.125 0.71875 1e-05
2.8125 0.784375 1e-05
2.8125 0.85 1e-05
3.125 0.784375 1e-05
3.125 0.85 1e-05
3.28125 -0 1e-05
3.28125 0.0625 1e-05
3.4375 -0 1e-05
3.4375 0.0625 1e-05
3.28125 0.19375 1e-05
3.4375 0.19375 1e-05
3.28125 0.259375 1e-05
3.28125 0.325 1e-05
3.4375 0.259375 1e-05
3.4375 0.325 1e-05
3.59375 -0 1e-05
3.59375 0.0625 1e-05
3.67188 -0 1e-05
3.67188 0.0625 1e-05
3.75 -0 1e-05
3.75 0.0625 1e-05
3.59375 0.19375 1e-05
3.51562 0.19375 1e-05
3.51562 0.259375 1e-05
3.59375 0.259375 1e-05
3.51562 0.325 1e-05
3.59375 0.325 1e-05
3.67188 0.19375 1e-05
3.75 0.19375 1e-05
3.67188 0.259375 1e-05
3.75 0.259375 1e-05
3.67188 0.325 1e-05
3.75 0.325 1e-05
3.28125 0.390625 1e-05
3.28125 0.45625 1e-05
3.4375 0.390625 1e-05
3.4375 0.45625 1e-05
3.28125 0.521875 1e-05
3.28125 0.5875 1e-05
3.4375 0.521875 1e-05
3.4375 0.5875 1e-05
3.28125 0.653125 1e-05
3.28125 0.71875 1e-05
3.4375 0.653125 1e-05
3.4375 0.71875 1e-05
3.28125 0.784375 1e-05
3.28125 0.85 1e-05
3.4375 0.784375 1e-05
3.4375 0.85 1e-05
3.51562 0.390625 1e-05
3.59375 0.390625 1e-05
3.51562 0.45625 1e-05
3.59375 0.45625 1e-05
3.51562 0.521875 1e-05
3.59375 0.521875 1e-05
3.51562 0.5875 1e-05
3.59375 0.5875 1e-05
3.67188 0.390625 1e-05
3.75 0.390625 1e-05
3.67188 0.45625 1e-05
3.75 0.45625 1e-05
3.67188 0.521875 1e-05
3.75 0.521875 1e-05
3.67188 0.5875 1e-05
3.75 0.5875 1e-05
3.51562 0.653125 1e-05
3.59375 0.653125 1e-05
3.51562 0.71875 1e-05
3.59375 0.71875 1e-05
3.51562 0.784375 1e-05
3.59375 0.784375 1e-05
3.51562 0.85 1e-05
3.59375 0.85 1e-05
3.67188 0.653125 1e-05
3.75 0.653125 1e-05
3.67188 0.71875 1e-05
3.75 0.71875 1e-05
3.67188 0.784375 1e-05
3.67188 0.85 1e-05
3.75 0.784375 1e-05
3.75 0.85 1e-05
2.8125 0.915625 1e-05
2.8125 0.98125 1e-05
3.125 0.915625 1e-05
3.125 0.98125 1e-05
2.8125 1.1125 1e-05
3.125 1.1125 1e-05
2.8125 1.375 1e-05
3.125 1.375 1e-05
2.8125 1.6375 1e-05
3.125 1.6375 1e-05
2.8125 1.9 1e-05
3.125 1.9 1e-05
3.28125 0.915625 1e-05
3.28125 0.98125 1e-05
3.4375 0.915625 1e-05
3.4375 0.98125 1e-05
3.28125 1.1125 1e-05
3.4375 1.1125 1e-05
3.28125 1.375 1e-05
3.4375 1.24375 1e-05
3.4375 1.375 1e-05
3.51562 0.915625 1e-05
3.51562 0.98125 1e-05
3.59375 0.915625 1e-05
3.59375 0.98125 1e-05
3.51562 1.1125 1e-05
3.59375 1.1125 1e-05
3.67188 0.915625 1e-05
3.67188 0.98125 1e-05
3.75 0.98125 1e-05
3.67188 1.1125 1e-05
3.75 1.1125 1e-05
3.51562 1.24375 1e-05
3.59375 1.24375 1e-05
3.51562 1.375 1e-05
3.59375 1.375 1e-05
3.67188 1.24375 1e-05
3.75 1.24375 1e-05
3.67188 1.375 1e-05
3.75 1.375 1e-05
3.28125 1.6375 1e-05
3.4375 1.50625 1e-05
3.4375 1.6375 1e-05
3.28125 1.9 1e-05
3.4375 1.76875 1e-05
3.4375 1.9 1e-05
3.51562 1.44063 1e-05
3.51562 1.50625 1e-05
3.59375 1.44063 1e-05
3.59375 1.50625 1e-05
3.51562 1.57187 1e-05
3.51562 1.6375 1e-05
3.59375 1.57187 1e-05
3.59375 1.6375 1e-05
3.67188 1.44063 1e-05
3.67188 1.50625 1e-05
3.75 1.44063 1e-05
3.75 1.50625 1e-05
3.67188 1.57187 1e-05
3.67188 1.6375 1e-05
3.75 1.57187 1e-05
3.75 1.6375 1e-05
3.59375 1.70312 1e-05
3.59375 1.76875 1e-05
3.67188 1.70312 1e-05
3.67188 1.76875 1e-05
3.75 1.70312 1e-05
3.75 1.76875 1e-05
3.59375 1.9 1e-05
3.67188 1.83437 1e-05
3.67188 1.9 1e-05
3.75 1.83437 1e-05
3.75 1.9 1e-05
3.82812 -0 1e-05
3.82812 0.0625 1e-05
3.90625 -0 1e-05
3.90625 0.0625 1e-05
3.98438 -0 1e-05
3.98438 0.0625 1e-05
4.0625 -0 1e-05
4.0625 0.0625 1e-05
3.82812 0.19375 1e-05
3.90625 0.19375 1e-05
3.82812 0.259375 1e-05
3.82812 0.325 1e-05
3.90625 0.259375 1e-05
3.90625 0.325 1e-05
3.98438 0.19375 1e-05
4.0625 0.19375 1e-05
3.98438 0.259375 1e-05
3.98438 0.325 1e-05
4.0625 0.259375 1e-05
4.0625 0.325 1e-05
4.14062 -0 1e-05
4.14062 0.0625 1e-05
4.21875 -0 1e-05
4.21875 0.0625 1e-05
4.29688 -0 1e-05
4.29688 0.0625 1e-05
4.375 -0 1e-05
4.375 0.0625 1e-05
4.14062 0.19375 1e-05
4.21875 0.19375 1e-05
4.14062 0.259375 1e-05
4.14062 0.325 1e-05
4.21875 0.259375 1e-05
4.21875 0.325 1e-05
4.29688 0.19375 1e-05
4.375 0.19375 1e-05
4.29688 0.259375 1e-05
4.29688 0.325 1e-05
4.375 0.259375 1e-05
4.375 0.325 1e-05
3.82812 0.390625 1e-05
3.82812 0.45625 1e-05
3.90625 0.390625 1e-05
3.90625 0.45625 1e-05
3.82812 0.521875 1e-05
3.82812 0.5875 1e-05
3.90625 0.521875 1e-05
3.90625 0.5875 1e-05
3.98438 0.390625 1e-05
3.98438 0.45625 1e-05
4.0625 0.390625 1e-05
4.0625 0.45625 1e-05
3.98438 0.521875 1e-05
3.98438 0.5875 1e-05
4.0625 0.521875 1e-05
4.0625 0.5875 1e-05
3.82812 0.653125 1e-05
3.82812 0.71875 1e-05
3.90625 0.653125 1e-05
3.90625 0.71875 1e-05
3.82812 0.784375 1e-05
3.82812 0.85 1e-05
3.90625 0.85 1e-05
3.98438 0.653125 1e-05
3.98438 0.71875 1e-05
4.0625 0.653125 1e-05
4.0625 0.71875 1e-05
3.98438 0.85 1e-05
4.0625 0.85 1e-05
4.14062 0.390625 1e-05
4.14062 0.45625 1e-05
4.21875 0.390625 1e-05
4.21875 0.45625 1e-05
4.14062 0.521875 1e-05
4.14062 0.5875 1e-05
4.21875 0.521875 1e-05
4.21875 0.5875 1e-05
4.29688 0.390625 1e-05
4.29688 0.45625 1e-05
4.375 0.390625 1e-05
4.375 0.45625 1e-05
4.29688 0.521875 1e-05
4.29688 0.5875 1e-05
4.375 0.521875 1e-05
4.375 0.5875 1e-05
4.14062 0.653125 1e-05
4.14062 0.71875 1e-05
4.21875 0.653125 1e-05
4.21875 0.71875 1e-05
4.14062 0.784375 1e-05
4.14062 0.85 1e-05
4.21875 0.784375 1e-05
4.21875 0.85 1e-05
4.29688 0.653125 1e-05
4.29688 0.71875 1e-05
4.375 0.653125 1e-05
4.375 0.71875 1e-05
4.29688 0.784375 1e-05
4.29688 0.85 1e-05
4.375 0.784375 1e-05
4.375 0.85 1e-05
4.45312 -0 1e-05
4.45312 0.0625 1e-05
4.53125 -0 1e-05
4.53125 0.0625 1e-05
4.60938 -0 1e-05
4.60938 0.0625 1e-05
4.6875 -0 1e-05
4.6875 0.0625 1e-05
4.45312 0.19375 1e-05
4.53125 0.19375 1e-05
4.45312 0.259375 1e-05
4.45312 0.325 1e-05
4.53125 0.259375 1e-05
4.53125 0.325 1e-05
4.60938 0.19375 1e-05
4.6875 0.19375 1e-05
4.60938 0.259375 1e-05
4.60938 0.325 1e-05
4.6875 0.259375 1e-05
4.6875 0.325 1e-05
4.76562 -0 1e-05
4.76562 0.0625 1e-05
4.84375 -0 1e-05
4.84375 0.0625 1e-05
4.92188 -0 1e-05
4.92188 0.0625 1e-05
5 -0 1e-05
5 0.0625 1e-05
4.76562 0.19375 1e-05
4.84375 0.19375 1e-05
4.76562 0.325 1e-05
4.84375 0.325 1e-05
4.92188 0.19375 1e-05
5 0.19375 1e-05
4.92188 0.325 1e-05
5 0.325 1e-05
4.45312 0.390625 1e-05
4.45312 0.45625 1e-05
4.53125 0.390625 1e-05
4.53125 0.45625 1e-05
4.45312 0.521875 1e-05
4.45312 0.5875 1e-05
4.53125 0.521875 1e-05
4.53125 0.5875 1e-05
4.60938 0.390625 1e-05
4.60938 0.45625 1e-05
4.6875 0.390625 1e-05
4.6875 0.45625 1e-05
4.60938 0.521875 1e-05
4.60938 0.5875 1e-05
4.6875 0.521875 1e-05
4.6875 0.5875 1e-05
4.45312 0.653125 1e-05
4.45312 0.71875 1e-05
4.53125 0.653125 1e-05
4.53125 0.71875 1e-05
4.45312 0.784375 1e-05
4.45312 0.85 1e-05
4.53125 0.784375 1e-05
4.53125 0.85 1e-05
4.60938 0.653125 1e-05
4.60938 0.71875 1e-05
4.6875 0.653125 1e-05
4.6875 0.71875 1e-05
4.6875 0.85 1e-05
4.76562 0.45625 1e-05
4.76562 0.5875 1e-05
4.84375 0.45625 1e-05
4.84375 0.5875 1e-05
4.92188 0.45625 1e-05
4.92188 0.5875 1e-05
5 0.45625 1e-05
5 0.5875 1e-05
4.76562 0.71875 1e-05
4.76562 0.85 1e-05
4.84375 0.71875 1e-05
4.84375 0.85 1e-05
4.92188 0.71875 1e-05
4.92188 0.85 1e-05
5 0.71875 1e-05
5 0.85 1e-05
3.82812 0.98125 1e-05
3.82812 1.1125 1e-05
3.90625 0.98125 1e-05
3.90625 1.1125 1e-05
3.98438 0.98125 1e-05
3.98438 1.1125 1e-05
4.0625 0.98125 1e-05
4.0625 1.1125 1e-05
3.82812 1.24375 1e-05
3.90625 1.24375 1e-05
3.82812 1.375 1e-05
3.90625 1.375 1e-05
3.98438 1.24375 1e-05
4.0625 1.24375 1e-05
3.98438 1.375 1e-05
4.0625 1.375 1e-05
4.14062 0.915625 1e-05
4.14062 0.98125 1e-05
4.21875 0.915625 1e-05
4.21875 0.98125 1e-05
4.14062 1.1125 1e-05
4.21875 1.1125 1e-05
4.29688 0.915625 1e-05
4.29688 0.98125 1e-05
4.375 0.98125 1e-05
4.375 1.1125 1e-05
4.14062 1.24375 1e-05
4.21875 1.24375 1e-05
4.14062 1.375 1e-05
4.21875 1.375 1e-05
4.375 1.24375 1e-05
4.375 1.375 1e-05
3.82812 1.44063 1e-05
3.82812 1.50625 1e-05
3.90625 1.44063 1e-05
3.90625 1.50625 1e-05
3.82812 1.57187 1e-05
3.82812 1.6375 1e-05
3.90625 1.57187 1e-05
3.90625 1.6375 1e-05
3.98438 1.44063 1e-05
3.98438 1.50625 1e-05
4.0625 1.44063 1e-05
4.0625 1.50625 1e-05
3.98438 1.57187 1e-05
3.98438 1.6375 1e-05
4.0625 1.57187 1e-05
4.0625 1.6375 1e-05
3.82812 1.70312 1e-05
3.82812 1.76875 1e-05
3.90625 1.70312 1e-05
3.90625 1.76875 1e-05
3.82812 1.83437 1e-05
3.82812 1.9 1e-05
3.90625 1.83437 1e-05
3.90625 1.9 1e-05
3.98438 1.70312 1e-05
3.98438 1.76875 1e-05
4.0625 1.70312 1e-05
4.0625 1.76875 1e-05
3.98438 1.83437 1e-05
3.98438 1.9 1e-05
4.0625 1.83437 1e-05
4.0625 1.9 1e-05
4.14062 1.44063 1e-05
4.14062 1.50625 1e-05
4.21875 1.44063 1e-05
4.21875 1.50625 1e-05
4.14062 1.57187 1e-05
4.14062 1.6375 1e-05
4.21875 1.57187 1e-05
4.21875 1.6375 1e-05
4.375 1.44063 1e-05
4.375 1.50625 1e-05
4.375 1.57187 1e-05
4.375 1.6375 1e-05
4.14062 1.70312 1e-05
4.14062 1.76875 1e-05
4.21875 1.70312 1e-05
4.21875 1.76875 1e-05
4.14062 1.83437 1e-05
4.14062 1.9 1e-05
4.21875 1.83437 1e-05
4.21875 1.9 1e-05
4.375 1.70312 1e-05
4.375 1.76875 1e-05
4.375 1.83437 1e-05
4.375 1.9 1e-05
4.53125 0.98125 1e-05
4.53125 1.1125 1e-05
4.6875 0.98125 1e-05
4.6875 1.1125 1e-05
4.53125 1.24375 1e-05
4.53125 1.375 1e-05
4.6875 1.24375 1e-05
4.6875 1.375 1e-05
4.76562 0.98125 1e-05
4.76562 1.1125 1e-05
4.84375 0.98125 1e-05
4.84375 1.1125 1e-05
4.92188 0.98125 1e-05
4.92188 1.1125 1e-05
5 0.98125 1e-05
5 1.1125 1e-05
4.76562 1.24375 1e-05
4.84375 1.24375 1e-05
4.76562 1.375 1e-05
4.84375 1.375 1e-05
4.92188 1.24375 1e-05
5 1.24375 1e-05
4.92188 1.375 1e-05
5 1.375 1e-05
4.53125 1.44063 1e-05
4.53125 1.50625 1e-05
4.6875 1.44063 1e-05
4.6875 1.50625 1e-05
4.53125 1.57187 1e-05
4.53125 1.6375 1e-05
4.6875 1.57187 1e-05
4.6875 1.6375 1e-05
4.53125 1.70312 1e-05
4.53125 1.76875 1e-05
4.6875 1.70312 1e-05
4.6875 1.76875 1e-05
4.53125 1.83437 1e-05
4.53125 1.9 1e-05
4.6875 1.83437 1e-05
4.6875 1.9 1e-05
4.76562 1.44063 1e-05
4.76562 1.50625 1e-05
4.84375 1.44063 1e-05
4.84375 1.50625 1e-05
4.76562 1.57187 1e-05
4.76562 1.6375 1e-05
4.84375 1.57187 1e-05
4.84375 1.6375 1e-05
4.92188 1.44063 1e-05
4.92188 1.50625 1e-05
5 1.44063 1e-05
5 1.50625 1e-05
4.92188 1.57187 1e-05
4.92188 1.6375 1e-05
5 1.57187 1e-05
5 1.6375 1e-05
4.76562 1.70312 1e-05
4.76562 1.76875 1e-05
4.84375 1.70312 1e-05
4.84375 1.76875 1e-05
4.76562 1.83437 1e-05
4.76562 1.9 1e-05
4.84375 1.83437 1e-05
4.84375 1.9 1e-05
4.92188 1.70312 1e-05
4.92188 1.76875 1e-05
5 1.70312 1e-05
5 1.76875 1e-05
4.92188 1.83437 1e-05
4.92188 1.9 1e-05
5 1.83437 1e-05
5 1.9 1e-05
0.3125 2.03125 1e-05
-0 2.03125 1e-05
0.625 2.03125 1e-05
0.3125 2.1625 1e-05
-0 2.1625 1e-05
0.625 2.1625 1e-05
0.3125 2.22812 1e-05
-0 2.22812 1e-05
0.3125 2.29375 1e-05
-0 2.29375 1e-05
0.625 2.22812 1e-05
0.625 2.29375 1e-05
0.3125 2.35938 1e-05
-0 2.35938 1e-05
0.3125 2.425 1e-05
-0 2.425 1e-05
0.625 2.35938 1e-05
0.625 2.425 1e-05
0.3125 2.49062 1e-05
-0 2.49062 1e-05
0.3125 2.55625 1e-05
-0 2.55625 1e-05
0.625 2.49062 1e-05
0.625 2.55625 1e-05
0.3125 2.6875 1e-05
-0 2.6875 1e-05
0.625 2.6875 1e-05
0.3125 2.95 1e-05
-0 2.95 1e-05
0.625 2.95 1e-05
0.9375 2.03125 1e-05
1.25 2.03125 1e-05
0.9375 2.1625 1e-05
1.25 2.1625 1e-05
0.9375 2.22812 1e-05
0.9375 2.29375 1e-05
1.25 2.22812 1e-05
1.25 2.29375 1e-05
0.9375 2.35938 1e-05
0.9375 2.425 1e-05
1.25 2.35938 1e-05
1.25 2.425 1e-05
0.9375 2.49062 1e-05
0.9375 2.55625 1e-05
1.25 2.49062 1e-05
1.25 2.55625 1e-05
0.9375 2.6875 1e-05
1.25 2.6875 1e-05
0.9375 2.95 1e-05
1.25 2.95 1e-05
1.5625 2.03125 1e-05
1.875 2.03125 1e-05
1.5625 2.1625 1e-05
1.875 2.1625 1e-05
1.5625 2.22812 1e-05
1.5625 2.29375 1e-05
1.875 2.22812 1e-05
1.875 2.29375 1e-05
1.5625 2.35938 1e-05
1.5625 2.425 1e-05
1.875 2.35938 1e-05
1.875 2.425 1e-05
1.5625 2.49062 1e-05
1.5625 2.55625 1e-05
1.875 2.49062 1e-05
1.875 2.55625 1e-05
1.5625 2.6875 1e-05
1.875 2.6875 1e-05
1.5625 2.95 1e-05
1.875 2.95 1e-05
2.1875 2.03125 1e-05
2.5 2.03125 1e-05
2.1875 2.1625 1e-05
2.5 2.1625 1e-05
2.1875 2.22812 1e-05
2.1875 2.29375 1e-05
2.5 2.22812 1e-05
2.5 2.29375 1e-05
2.1875 2.35938 1e-05
2.1875 2.425 1e-05
2.5 2.35938 1e-05
2.5 2.425 1e-05
2.1875 2.49062 1e-05
2.1875 2.55625 1e-05
2.5 2.49062 1e-05
2.5 2.55625 1e-05
2.1875 2.6875 1e-05
2.5 2.6875 1e-05
2.1875 2.95 1e-05
2.5 2.95 1e-05
2.8125 2.03125 1e-05
3.125 2.03125 1e-05
2.8125 2.1625 1e-05
3.125 2.1625 1e-05
2.8125 2.22812 1e-05
2.8125 2.29375 1e-05
3.125 2.22812 1e-05
3.125 2.29375 1e-05
2.8125 2.35938 1e-05
2.8125 2.425 1e-05
3.125 2.35938 1e-05
3.125 2.425 1e-05
2.8125 2.49062 1e-05
2.8125 2.55625 1e-05
3.125 2.49062 1e-05
3.125 2.55625 1e-05
2.8125 2.6875 1e-05
3.125 2.6875 1e-05
2.8125 2.95 1e-05
3.125 2.95 1e-05
3.28125 2.03125 1e-05
3.4375 2.03125 1e-05
3.28125 2.1625 1e-05
3.4375 2.1625 1e-05
3.59375 2.03125 1e-05
3.75 2.03125 1e-05
3.59375 2.1625 1e-05
3.75 2.1625 1e-05
3.28125 2.22812 1e-05
3.4375 2.22812 1e-05
3.28125 2.29375 1e-05
3.4375 2.29375 1e-05
3.59375 2.22812 1e-05
3.75 2.22812 1e-05
3.59375 2.29375 1e-05
3.75 2.29375 1e-05
3.28125 2.35938 1e-05
3.4375 2.35938 1e-05
3.28125 2.425 1e-05
3.4375 2.425 1e-05
3.59375 2.35938 1e-05
3.75 2.35938 1e-05
3.59375 2.425 1e-05
3.75 2.425 1e-05
3.28125 2.49062 1e-05
3.4375 2.49062 1e-05
3.28125 2.55625 1e-05
3.4375 2.55625 1e-05
3.59375 2.49062 1e-05
3.75 2.49062 1e-05
3.59375 2.55625 1e-05
3.75 2.55625 1e-05
3.28125 2.6875 1e-05
3.4375 2.6875 1e-05
3.59375 2.6875 1e-05
3.75 2.6875 1e-05
3.4375 2.95 1e-05
3.75 2.95 1e-05
3.82812 1.96562 1e-05
3.82812 2.03125 1e-05
3.90625 1.96562 1e-05
3.90625 2.03125 1e-05
3.98438 1.96562 1e-05
3.98438 2.03125 1e-05
4.0625 1.96562 1e-05
4.0625 2.03125 1e-05
4.14062 1.96562 1e-05
4.14062 2.03125 1e-05
4.21875 1.96562 1e-05
4.21875 2.03125 1e-05
4.375 1.96562 1e-05
4.375 2.03125 1e-05
3.90625 2.1625 1e-05
4.0625 2.1625 1e-05
4.21875 2.1625 1e-05
4.375 2.1625 1e-05
3.90625 2.22812 1e-05
4.0625 2.22812 1e-05
3.90625 2.29375 1e-05
4.0625 2.29375 1e-05
4.21875 2.22812 1e-05
4.375 2.22812 1e-05
4.21875 2.29375 1e-05
4.375 2.29375 1e-05
3.90625 2.35938 1e-05
4.0625 2.35938 1e-05
3.90625 2.425 1e-05
4.0625 2.425 1e-05
4.21875 2.35938 1e-05
4.375 2.35938 1e-05
4.21875 2.425 1e-05
4.375 2.425 1e-05
3.90625 2.49062 1e-05
4.0625 2.49062 1e-05
3.90625 2.55625 1e-05
4.0625 2.55625 1e-05
4.21875 2.49062 1e-05
4.375 2.49062 1e-05
4.21875 2.55625 1e-05
4.375 2.55625 1e-05
3.90625 2.6875 1e-05
4.0625 2.6875 1e-05
4.21875 2.6875 1e-05
4.375 2.6875 1e-05
4.0625 2.95 1e-05
4.375 2.95 1e-05
4.53125 1.96562 1e-05
4.53125 2.03125 1e-05
4.6875 1.96562 1e-05
4.6875 2.03125 1e-05
4.76562 1.96562 1e-05
4.76562 2.03125 1e-05
4.84375 1.96562 1e-05
4.84375 2.03125 1e-05
4.92188 1.96562 1e-05
4.92188 2.03125 1e-05
5 1.96562 1e-05
5 2.03125 1e-05
4.53125 2.1625 1e-05
4.6875 2.1625 1e-05
4.84375 2.1625 1e-05
5 2.1625 1e-05
4.53125 2.22812 1e-05
4.6875 2.22812 1e-05
4.53125 2.29375 1e-05
4.6875 2.29375 1e-05
4.84375 2.22812 1e-05
5 2.22812 1e-05
4.84375 2.29375 1e-05
5 2.29375 1e-05
4.53125 2.35938 1e-05
4.6875 2.35938 1e-05
4.53125 2.425 1e-05
4.6875 2.425 1e-05
4.84375 2.35938 1e-05
5 2.35938 1e-05
4.84375 2.425 1e-05
5 2.425 1e-05
4.53125 2.49062 1e-05
4.6875 2.49062 1e-05
4.53125 2.55625 1e-05
4.6875 2.55625 1e-05
4.84375 2.49062 1e-05
5 2.49062 1e-05
4.84375 2.55625 1e-05
5 2.55625 1e-05
4.53125 2.6875 1e-05
4.6875 2.6875 1e-05
4.84375 2.6875 1e-05
5 2.6875 1e-05
4.6875 2.95 1e-05
5 2.95 1e-05
0.3125 3.2125 1e-05
-0 3.2125 1e-05
0.3125 3.475 1e-05
-0 3.475 1e-05
0.625 3.2125 1e-05
0.625 3.475 1e-05
0.9375 3.2125 1e-05
0.9375 3.475 1e-05
1.25 3.2125 1e-05
1.25 3.475 1e-05
1.5625 3.2125 1e-05
1.5625 3.475 1e-05
1.875 3.2125 1e-05
1.875 3.475 1e-05
2.1875 3.2125 1e-05
2.1875 3.475 1e-05
2.5 3.2125 1e-05
2.5 3.475 1e-05
2.8125 3.2125 1e-05
2.8125 3.475 1e-05
3.125 3.2125 1e-05
3.125 3.475 1e-05
3.4375 3.2125 1e-05
3.4375 3.475 1e-05
3.75 3.2125 1e-05
3.75 3.475 1e-05
4.0625 3.2125 1e-05
4.0625 3.475 1e-05
4.375 3.2125 1e-05
4.375 3.475 1e-05
4.6875 3.2125 1e-05
4.6875 3.475 1e-05
5 3.2125 1e-05
5 3.475 1e-05
0.3125 3.7375 1e-05
-0 3.7375 1e-05
0.3125 4 1e-05
0.625 3.7375 1e-05
0.625 4 1e-05
0.9375 3.7375 1e-05
0.9375 4 1e-05
1.25 3.7375 1e-05
1.25 4 1e-05
1.5625 3.7375 1e-05
1.5625 4 1e-05
1.875 3.7375 1e-05
1.875 4 1e-05
2.1875 3.7375 1e-05
2.1875 4 1e-05
2.5 3.7375 1e-05
2.5 4 1e-05
2.8125 3.7375 1e-05
2.8125 4 1e-05
3.125 3.7375 1e-05
3.125 4 1e-05
3.4375 3.7375 1e-05
3.4375 4 1e-05
3.75 3.7375 1e-05
3.75 4 1e-05
4.0625 3.7375 1e-05
4.0625 4 1e-05
4.375 3.7375 1e-05
4.375 4 1e-05
4.6875 3.7375 1e-05
4.6875 4 1e-05
5 3.7375 1e-05
5 4 1e-05
5.07812 -0 1e-05
5.07812 0.0625 1e-05
5.15625 -0 1e-05
5.15625 0.0625 1e-05
5.23438 -0 1e-05
5.23438 0.0625 1e-05
5.3125 -0 1e-05
5.3125 0.0625 1e-05
5.07812 0.19375 1e-05
5.07812 0.325 1e-05
5.15625 0.19375 1e-05
5.15625 0.325 1e-05
5.23438 0.19375 1e-05
5.3125 0.19375 1e-05
5.23438 0.325 1e-05
5.3125 0.325 1e-05
5.39062 -0 1e-05
5.39062 0.0625 1e-05
5.46875 -0 1e-05
5.46875 0.0625 1e-05
5.54688 -0 1e-05
5.54688 0.0625 1e-05
5.625 -0 1e-05
5.625 0.0625 1e-05
5.39062 0.128125 1e-05
5.39062 0.19375 1e-05
5.46875 0.128125 1e-05
5.46875 0.19375 1e-05
5.39062 0.259375 1e-05
5.39062 0.325 1e-05
5.46875 0.259375 1e-05
5.46875 0.325 1e-05
5.54688 0.128125 1e-05
5.54688 0.19375 1e-05
5.625 0.128125 1e-05
5.625 0.19375 1e-05
5.54688 0.259375 1e-05
5.54688 0.325 1e-05
5.625 0.259375 1e-05
5.625 0.325 1e-05
5.07812 0.45625 1e-05
5.07812 0.5875 1e-05
5.15625 0.45625 1e-05
5.15625 0.5875 1e-05
5.23438 0.45625 1e-05
5.23438 0.5875 1e-05
5.3125 0.45625 1e-05
5.3125 0.5875 1e-05
5.07812 0.71875 1e-05
5.07812 0.85 1e-05
5.15625 0.71875 1e-05
5.15625 0.85 1e-05
5.23438 0.71875 1e-05
5.23438 0.85 1e-05
5.3125 0.71875 1e-05
5.3125 0.85 1e-05
5.46875 0.390625 1e-05
5.46875 0.45625 1e-05
5.54688 0.390625 1e-05
5.54688 0.45625 1e-05
5.625 0.390625 1e-05
5.625 0.45625 1e-05
5.46875 0.5875 1e-05
5.625 0.5875 1e-05
5.46875 0.85 1e-05
5.625 0.85 1e-05
5.70312 -0 1e-05
5.70312 0.0625 1e-05
5.78125 0.0625 1e-05
5.9375 -0 1e-05
5.9375 0.0625 1e-05
5.70312 0.128125 1e-05
5.70312 0.19375 1e-05
5.78125 0.128125 1e-05
5.78125 0.19375 1e-05
5.70312 0.259375 1e-05
5.70312 0.325 1e-05
5.78125 0.259375 1e-05
5.78125 0.325 1e-05
5.9375 0.128125 1e-05
5.9375 0.19375 1e-05
5.9375 0.259375 1e-05
5.9375 0.325 1e-05
6.01562 -0 1e-05
6.01562 0.0625 1e-05
6.09375 -0 1e-05
6.09375 0.0625 1e-05
6.17188 -0 1e-05
6.17188 0.0625 1e-05
6.25 -0 1e-05
6.25 0.0625 1e-05
6.01562 0.128125 1e-05
6.01562 0.19375 1e-05
6.09375 0.128125 1e-05
6.09375 0.19375 1e-05
6.01562 0.259375 1e-05
6.01562 0.325 1e-05
6.09375 0.259375 1e-05
6.09375 0.325 1e-05
6.17188 0.128125 1e-05
6.17188 0.19375 1e-05
6.25 0.128125 1e-05
6.25 0.19375 1e-05
6.17188 0.259375 1e-05
6.17188 0.325 1e-05
6.25 0.259375 1e-05
6.25 0.325 1e-05
5.70312 0.390625 1e-05
5.70312 0.45625 1e-05
5.78125 0.390625 1e-05
5.78125 0.45625 1e-05
5.9375 0.390625 1e-05
5.9375 0.45625 1e-05
5.78125 0.5875 1e-05
5.9375 0.5875 1e-05
5.9375 0.85 1e-05
6.01562 0.390625 1e-05
6.01562 0.45625 1e-05
6.09375 0.390625 1e-05
6.09375 0.45625 1e-05
6.09375 0.5875 1e-05
6.09375 0.85 1e-05
6.17188 0.390625 1e-05
6.17188 0.45625 1e-05
6.25 0.45625 1e-05
6.17188 0.5875 1e-05
6.25 0.5875 1e-05
6.17188 0.85 1e-05
6.25 0.85 1e-05
5.07812 0.98125 1e-05
5.07812 1.1125 1e-05
5.15625 0.98125 1e-05
5.15625 1.1125 1e-05
5.23438 0.98125 1e-05
5.23438 1.1125 1e-05
5.3125 0.98125 1e-05
5.3125 1.1125 1e-05
5.07812 1.24375 1e-05
5.15625 1.24375 1e-05
5.07812 1.375 1e-05
5.15625 1.375 1e-05
5.23438 1.24375 1e-05
5.3125 1.24375 1e-05
5.23438 1.375 1e-05
5.3125 1.375 1e-05
5.46875 1.1125 1e-05
5.625 1.1125 1e-05
5.46875 1.24375 1e-05
5.46875 1.375 1e-05
5.625 1.375 1e-05
5.07812 1.44063 1e-05
5.07812 1.50625 1e-05
5.15625 1.44063 1e-05
5.15625 1.50625 1e-05
5.07812 1.57187 1e-05
5.07812 1.6375 1e-05
5.15625 1.57187 1e-05
5.15625 1.6375 1e-05
5.07812 1.70312 1e-05
5.07812 1.76875 1e-05
5.15625 1.70312 1e-05
5.15625 1.76875 1e-05
5.07812 1.83437 1e-05
5.07812 1.9 1e-05
5.15625 1.83437 1e-05
5.15625 1.9 1e-05
5.23438 1.44063 1e-05
5.23438 1.50625 1e-05
5.3125 1.44063 1e-05
5.3125 1.50625 1e-05
5.23438 1.57187 1e-05
5.23438 1.6375 1e-05
5.3125 1.57187 1e-05
5.3125 1.6375 1e-05
5.23438 1.70312 1e-05
5.23438 1.76875 1e-05
5.3125 1.70312 1e-05
5.3125 1.76875 1e-05
5.23438 1.83437 1e-05
5.23438 1.9 1e-05
5.3125 1.9 1e-05
5.46875 1.50625 1e-05
5.625 1.50625 1e-05
5.46875 1.6375 1e-05
5.625 1.6375 1e-05
5.46875 1.76875 1e-05
5.625 1.76875 1e-05
5.46875 1.9 1e-05
5.625 1.9 1e-05
5.9375 1.1125 1e-05
5.9375 1.375 1e-05
6.09375 1.1125 1e-05
6.09375 1.375 1e-05
6.17188 1.1125 1e-05
6.25 1.1125 1e-05
6.17188 1.375 1e-05
6.25 1.375 1e-05
5.9375 1.6375 1e-05
5.9375 1.9 1e-05
6.09375 1.6375 1e-05
6.09375 1.9 1e-05
6.17188 1.6375 1e-05
6.25 1.6375 1e-05
6.17188 1.9 1e-05
6.25 1.9 1e-05
6.32812 -0 1e-05
6.32812 0.0625 1e-05
6.40625 -0 1e-05
6.40625 0.0625 1e-05
6.32812 0.19375 1e-05
6.32812 0.325 1e-05
6.40625 0.19375 1e-05
6.40625 0.325 1e-05
6.48438 -0 1e-05
6.48438 0.0625 1e-05
6.5625 -0 1e-05
6.5625 0.0625 1e-05
6.48438 0.19375 1e-05
6.48438 0.325 1e-05
6.5625 0.19375 1e-05
6.5625 0.325 1e-05
6.71875 -0 1e-05
6.71875 0.0625 1e-05
6.71875 0.325 1e-05
6.875 -0 1e-05
6.875 0.0625 1e-05
6.875 0.325 1e-05
6.32812 0.45625 1e-05
6.32812 0.5875 1e-05
6.40625 0.45625 1e-05
6.40625 0.5875 1e-05
6.32812 0.85 1e-05
6.40625 0.85 1e-05
6.48438 0.45625 1e-05
6.48438 0.5875 1e-05
6.5625 0.45625 1e-05
6.5625 0.5875 1e-05
6.48438 0.85 1e-05
6.5625 0.85 1e-05
6.71875 0.5875 1e-05
6.71875 0.85 1e-05
6.875 0.5875 1e-05
6.875 0.85 1e-05
7.1875 -0 1e-05
7.1875 0.0625 1e-05
7.1875 0.325 1e-05
7.5 -0 1e-05
7.5 0.0625 1e-05
7.5 0.325 1e-05
7.1875 0.5875 1e-05
7.1875 0.85 1e-05
7.5 0.5875 1e-05
7.5 0.85 1e-05
6.32812 1.1125 1e-05
6.40625 1.1125 1e-05
6.32812 1.375 1e-05
6.40625 1.375 1e-05
6.48438 1.1125 1e-05
6.5625 1.1125 1e-05
6.48438 1.375 1e-05
6.5625 1.375 1e-05
6.71875 1.1125 1e-05
6.71875 1.375 1e-05
6.875 1.1125 1e-05
6.875 1.375 1e-05
6.32812 1.6375 1e-05
6.40625 1.6375 1e-05
6.32812 1.9 1e-05
6.40625 1.9 1e-05
6.48438 1.6375 1e-05
6.5625 1.6375 1e-05
6.48438 1.9 1e-05
6.5625 1.9 1e-05
6.71875 1.6375 1e-05
6.71875 1.9 1e-05
6.875 1.6375 1e-05
6.875 1.9 1e-05
7.1875 1.1125 1e-05
7.1875 1.375 1e-05
7.5 1.1125 1e-05
7.5 1.375 1e-05
7.1875 1.6375 1e-05
7.1875 1.9 1e-05
7.5 1.6375 1e-05
7.5 1.9 1e-05
5.07812 1.96562 1e-05
5.07812 2.03125 1e-05
5.15625 2.03125 1e-05
5.3125 2.03125 1e-05
5.46875 2.03125 1e-05
5.625 2.03125 1e-05
5.15625 2.1625 1e-05
5.3125 2.1625 1e-05
5.46875 2.1625 1e-05
5.625 2.1625 1e-05
5.15625 2.22812 1e-05
5.3125 2.22812 1e-05
5.15625 2.29375 1e-05
5.3125 2.29375 1e-05
5.46875 2.22812 1e-05
5.625 2.22812 1e-05
5.46875 2.29375 1e-05
5.625 2.29375 1e-05
5.15625 2.35938 1e-05
5.3125 2.35938 1e-05
5.15625 2.425 1e-05
5.3125 2.425 1e-05
5.46875 2.35938 1e-05
5.625 2.35938 1e-05
5.46875 2.425 1e-05
5.625 2.425 1e-05
5.15625 2.49062 1e-05
5.3125 2.49062 1e-05
5.15625 2.55625 1e-05
5.3125 2.55625 1e-05
5.46875 2.49062 1e-05
5.625 2.49062 1e-05
5.46875 2.55625 1e-05
5.625 2.55625 1e-05
5.15625 2.6875 1e-05
5.3125 2.6875 1e-05
5.46875 2.6875 1e-05
5.625 2.6875 1e-05
5.3125 2.95 1e-05
5.625 2.95 1e-05
5.9375 2.03125 1e-05
5.9375 2.1625 1e-05
5.9375 2.22812 1e-05
5.9375 2.29375 1e-05
5.9375 2.35938 1e-05
5.9375 2.425 1e-05
6.09375 2.03125 1e-05
6.09375 2.1625 1e-05
6.17188 2.03125 1e-05
6.25 2.03125 1e-05
6.17188 2.1625 1e-05
6.25 2.1625 1e-05
6.09375 2.22812 1e-05
6.09375 2.29375 1e-05
6.17188 2.22812 1e-05
6.25 2.22812 1e-05
6.17188 2.29375 1e-05
6.25 2.29375 1e-05
6.09375 2.35938 1e-05
6.09375 2.425 1e-05
6.17188 2.35938 1e-05
6.25 2.35938 1e-05
6.17188 2.425 1e-05
6.25 2.425 1e-05
5.9375 2.49062 1e-05
5.9375 2.55625 1e-05
6.09375 2.49062 1e-05
6.09375 2.55625 1e-05
6.17188 2.49062 1e-05
6.25 2.49062 1e-05
6.17188 2.55625 1e-05
6.25 2.55625 1e-05
5.9375 2.6875 1e-05
6.09375 2.6875 1e-05
6.25 2.6875 1e-05
5.9375 2.95 1e-05
6.25 2.95 1e-05
6.32812 2.03125 1e-05
6.40625 2.03125 1e-05
6.32812 2.1625 1e-05
6.40625 2.1625 1e-05
6.48438 2.03125 1e-05
6.5625 2.03125 1e-05
6.48438 2.1625 1e-05
6.5625 2.1625 1e-05
6.32812 2.22812 1e-05
6.32812 2.29375 1e-05
6.40625 2.22812 1e-05
6.40625 2.29375 1e-05
6.48438 2.22812 1e-05
6.48438 2.29375 1e-05
6.5625 2.29375 1e-05
6.32812 2.35938 1e-05
6.32812 2.425 1e-05
6.40625 2.35938 1e-05
6.40625 2.425 1e-05
6.48438 2.35938 1e-05
6.48438 2.425 1e-05
6.5625 2.425 1e-05
6.71875 2.1625 1e-05
6.875 2.1625 1e-05
6.71875 2.425 1e-05
6.875 2.425 1e-05
6.32812 2.49062 1e-05
6.40625 2.49062 1e-05
6.32812 2.55625 1e-05
6.40625 2.55625 1e-05
6.40625 2.6875 1e-05
6.5625 2.55625 1e-05
6.5625 2.6875 1e-05
6.5625 2.95 1e-05
6.71875 2.6875 1e-05
6.875 2.6875 1e-05
6.875 2.95 1e-05
7.1875 2.1625 1e-05
7.1875 2.425 1e-05
7.5 2.1625 1e-05
7.5 2.425 1e-05
7.1875 2.6875 1e-05
7.1875 2.95 1e-05
7.5 2.6875 1e-05
7.5 2.95 1e-05
5.3125 3.2125 1e-05
5.3125 3.475 1e-05
5.625 3.2125 1e-05
5.625 3.475 1e-05
5.9375 3.2125 1e-05
5.9375 3.475 1e-05
6.25 3.2125 1e-05
6.25 3.475 1e-05
6.5625 3.2125 1e-05
6.5625 3.475 1e-05
6.875 3.2125 1e-05
6.875 3.475 1e-05
7.1875 3.2125 1e-05
7.1875 3.475 1e-05
7.5 3.2125 1e-05
7.5 3.475 1e-05
5.3125 3.7375 1e-05
5.3125 4 1e-05
5.625 3.7375 1e-05
5.625 4 1e-05
5.9375 3.7375 1e-05
5.9375 4 1e-05
6.25 3.7375 1e-05
6.25 4 1e-05
6.5625 3.7375 1e-05
6.5625 4 1e-05
6.875 3.7375 1e-05
6.875 4 1e-05
7.1875 3.7375 1e-05
7.1875 4 1e-05
7.5 3.7375 1e-05
7.5 4 1e-05
7.8125 -0 1e-05
7.8125 0.0625 1e-05
7.8125 0.325 1e-05
8.125 -0 1e-05
8.125 0.0625 1e-05
8.125 0.325 1e-05
7.8125 0.5875 1e-05
7.8125 0.85 1e-05
8.125 0.5875 1e-05
8.125 0.85 1e-05
8.4375 -0 1e-05
8.4375 0.0625 1e-05
8.4375 0.325 1e-05
8.75 -0 1e-05
8.75 0.0625 1e-05
8.75 0.325 1e-05
8.4375 0.5875 1e-05
8.4375 0.85 1e-05
8.75 0.5875 1e-05
8.75 0.85 1e-05
7.8125 1.1125 1e-05
7.8125 1.375 1e-05
8.125 1.1125 1e-05
8.125 1.375 1e-05
7.8125 1.6375 1e-05
7.8125 1.9 1e-05
8.125 1.6375 1e-05
8.125 1.9 1e-05
8.4375 1.1125 1e-05
8.4375 1.375 1e-05
8.75 1.1125 1e-05
8.75 1.375 1e-05
8.4375 1.6375 1e-05
8.4375 1.9 1e-05
8.75 1.6375 1e-05
8.75 1.9 1e-05
9.0625 -0 1e-05
9.0625 0.0625 1e-05
9.0625 0.325 1e-05
9.375 -0 1e-05
9.375 0.0625 1e-05
9.375 0.325 1e-05
9.0625 0.5875 1e-05
9.0625 0.85 1e-05
9.375 0.5875 1e-05
9.375 0.85 1e-05
9.0625 1.1125 1e-05
9.0625 1.375 1e-05
9.375 1.1125 1e-05
9.375 1.375 1e-05
9.0625 1.6375 1e-05
9.0625 1.9 1e-05
9.375 1.6375 1e-05
9.375 1.9 1e-05
9.6875 -0 1e-05
9.6875 0.0625 1e-05
9.6875 0.325 1e-05
10 -0 1e-05
10 0.0625 1e-05
10 0.325 1e-05
9.6875 0.5875 1e-05
9.6875 0.85 1e-05
10 0.5875 1e-05
10 0.85 1e-05
9.6875 1.1125 1e-05
9.6875 1.375 1e-05
10 1.1125 1e-05
10 1.375 1e-05
9.6875 1.6375 1e-05
9.6875 1.9 1e-05
10 1.6375 1e-05
10 1.9 1e-05
7.8125 2.1625 1e-05
7.8125 2.425 1e-05
8.125 2.1625 1e-05
8.125 2.425 1e-05
7.8125 2.6875 1e-05
7.8125 2.95 1e-05
8.125 2.6875 1e-05
8.125 2.95 1e-05
8.4375 2.1625 1e-05
8.4375 2.425 1e-05
8.75 2.1625 1e-05
8.75 2.425 1e-05
8.4375 2.6875 1e-05
8.4375 2.95 1e-05
8.75 2.6875 1e-05
8.75 2.95 1e-05
7.8125 3.2125 1e-05
7.8125 3.475 1e-05
8.125 3.2125 1e-05
8.125 3.475 1e-05
8.4375 3.2125 1e-05
8.4375 3.475 1e-05
8.75 3.2125 1e-05
8.75 3.475 1e-05
7.8125 3.7375 1e-05
7.8125 4 1e-05
8.125 3.7375 1e-05
8.125 4 1e-05
8.4375 3.7375 1e-05
8.4375 4 1e-05
8.75 3.7375 1e-05
8.75 4 1e-05
9.0625 2.1625 1e-05
9.0625 2.425 1e-05
9.375 2.1625 1e-05
9.375 2.425 1e-05
9.0625 2.6875 1e-05
9.0625 2.95 1e-05
9.375 2.6875 1e-05
9.375 2.95 1e-05
9.6875 2.1625 1e-05
9.6875 2.425 1e-05
10 2.1625 1e-05
10 2.425 1e-05
9.6875 2.6875 1e-05
9.6875 2.95 1e-05
10 2.6875 1e-05
10 2.95 1e-05
9.0625 3.2125 1e-05
9.0625 3.475 1e-05
9.375 3.2125 1e-05
9.375 3.475 1e-05
9.0625 3.7375 1e-05
9.0625 4 1e-05
9.375 3.7375 1e-05
9.375 4 1e-05
9.6875 3.2125 1e-05
9.6875 3.475 1e-05
10 3.2125 1e-05
10 3.475 1e-05
9.6875 3.7375 1e-05
9.6875 4 1e-05
10 3.7375 1e-05
-0 -0 1e-05
0.1 -0 1e-05
5.765 -0 1e-05
5.965 -0 1e-05
10 4 1e-05
-0 4 1e-05
0.1 0.0625 1e-05
