0.3125 -0 265.398
0.3125 0.0625 264.578
-0 0.0625 265.806
0.625 -0 266.011
0.625 0.0625 265.597
0.3125 0.19375 261.932
-0 0.19375 262.658
0.625 0.19375 262.131
0.3125 0.259375 253.92
-0 0.259375 251.81
0.3125 0.325 227.498
-0 0.325 222.309
0.625 0.259375 253.963
0.625 0.325 227.497
0.3125 0.390625 115.253
-0 0.390625 84.5251
0.3125 0.45625 16.4652
-0 0.45625 15.5411
0.625 0.390625 115.208
0.625 0.45625 16.5369
0.3125 0.521875 13.7735
-0 0.521875 13.7979
0.3125 0.5875 14.5813
-0 0.5875 14.8328
0.625 0.521875 13.7736
0.625 0.5875 14.5814
0.3125 0.653125 16.4529
-0 0.653125 16.8277
0.3125 0.71875 19.1181
-0 0.71875 19.6322
0.625 0.653125 16.4529
0.625 0.71875 19.1181
0.3125 0.784375 22.8635
-0 0.784375 23.5979
0.3125 0.85 28.466
-0 0.85 29.5992
0.625 0.784375 22.8635
0.625 0.85 28.466
0.9375 -0 266.04
0.9375 0.0625 265.635
1.25 -0 266.051
1.25 0.0625 265.646
0.9375 0.19375 262.17
1.25 0.19375 262.183
0.9375 0.259375 254.093
0.9375 0.325 227.507
1.25 0.259375 254.11
1.25 0.325 227.545
0.9375 0.390625 115.245
0.9375 0.45625 16.6256
1.25 0.390625 115.307
1.25 0.45625 16.7174
0.9375 0.521875 13.7736
0.9375 0.5875 14.5814
1.25 0.521875 13.7736
1.25 0.5875 14.5814
0.9375 0.653125 16.4529
0.9375 0.71875 19.1181
1.25 0.653125 16.4529
1.25 0.71875 19.1181
0.9375 0.784375 22.8635
0.9375 0.85 28.466
1.25 0.784375 22.8635
1.25 0.85 28.4659
0.3125 0.915625 37.5404
-0 0.915625 39.432
0.3125 0.98125 100.431
-0 0.98125 129.038
0.625 0.915625 37.5404
0.625 0.98125 100.431
0.3125 1.1125 378.227
-0 1.1125 459.91
0.625 1.1125 378.228
0.3125 1.375 704.959
-0 1.375 704.959
0.625 1.375 704.959
0.3125 1.6375 704.959
-0 1.6375 704.959
0.625 1.6375 704.959
0.3125 1.9 704.959
-0 1.9 704.959
0.625 1.9 704.959
0.9375 0.915625 37.5403
0.9375 0.98125 100.429
1.25 0.915625 37.54
1.25 0.98125 100.424
0.9375 1.1125 378.227
1.25 1.1125 378.222
0.9375 1.375 704.959
1.25 1.375 704.959
0.9375 1.6375 704.959
1.25 1.6375 704.959
0.9375 1.9 704.959
1.25 1.9 704.959
1.5625 -0 266.079
1.5625 0.0625 265.668
1.875 -0 266.175
1.875 0.0625 265.743
1.5625 0.19375 262.204
1.875 0.19375 262.273
1.5625 0.259375 254.118
1.5625 0.325 227.819
1.875 0.259375 254.137
1.875 0.325 228.808
1.5625 0.390625 115.477
1.5625 0.45625 16.8101
1.875 0.390625 116.009
1.875 0.45625 16.901
1.5625 0.521875 13.7738
1.5625 0.5875 14.5815
1.875 0.521875 13.7742
1.875 0.5875 14.5819
1.5625 0.653125 16.453
1.5625 0.71875 19.1181
1.875 0.653125 16.4533
1.875 0.71875 19.1182
1.5625 0.784375 22.8634
1.5625 0.85 28.4655
1.875 0.784375 22.863
1.875 0.85 28.4642
2.1875 -0 266.49
2.1875 0.0625 265.987
2.5 -0 267.292
2.5 0.0625 266.626
2.1875 0.19375 262.498
2.5 0.19375 263.048
2.1875 0.259375 254.246
2.1875 0.325 231.273
2.5 0.259375 254.637
2.5 0.325 235.284
2.1875 0.390625 117.543
2.1875 0.45625 16.9831
2.5 0.390625 120.819
2.5 0.45625 17.0489
2.1875 0.521875 13.7758
2.1875 0.5875 14.5833
2.5 0.521875 13.7815
2.5 0.5875 14.5882
2.1875 0.653125 16.4544
2.1875 0.71875 19.1185
2.5 0.653125 16.4581
2.5 0.71875 19.1195
2.1875 0.784375 22.8617
2.1875 0.85 28.4596
2.5 0.784375 22.8573
2.5 0.85 28.4436
1.5625 0.915625 37.5391
1.5625 0.98125 100.404
1.875 0.915625 37.5358
1.875 0.98125 100.337
1.5625 1.1125 378.207
1.875 1.1125 378.152
1.5625 1.375 704.959
1.875 1.375 704.959
1.5625 1.6375 704.959
1.875 1.6375 704.959
1.5625 1.9 704.959
1.875 1.9 704.959
2.1875 0.915625 37.5242
2.1875 0.98125 100.102
2.5 0.915625 37.4838
2.5 0.98125 99.2932
2.1875 1.1125 377.96
2.5 1.1125 377.294
2.1875 1.375 704.959
2.5 1.375 704.959
2.1875 1.6375 704.959
2.5 1.6375 704.959
2.1875 1.9 704.959
2.5 1.9 704.959
2.8125 -0 268.556
2.8125 0.0625 267.707
3.125 -0 269.528
3.125 0.0625 268.672
2.8125 0.19375 263.859
3.125 0.19375 264.312
2.8125 0.259375 255.412
2.8125 0.325 239.242
3.125 0.259375 255.577
3.125 0.325 241.363
2.8125 0.390625 125.134
2.8125 0.45625 17.1107
3.125 0.390625 117.154
3.125 0.45625 16.8516
2.8125 0.521875 13.8011
2.8125 0.5875 14.6054
3.125 0.521875 13.8667
3.125 0.5875 14.7402
2.8125 0.653125 16.4713
2.8125 0.71875 19.1238
3.125 0.653125 16.6366
3.125 0.71875 19.3109
2.8125 0.784375 22.8426
2.8125 0.85 28.3888
3.125 0.784375 23.0501
3.125 0.85 28.6153
3.28125 -0 269.853
3.28125 0.0625 269.099
3.4375 -0 270.013
3.4375 0.0625 269.156
3.28125 0.19375 264.746
3.4375 0.19375 264.697
3.28125 0.259375 256.711
3.28125 0.325 242.5
3.4375 0.259375 256.601
3.4375 0.325 242.871
3.59375 -0 270.017
3.59375 0.0625 269.081
3.67188 -0 269.963
3.67188 0.0625 269.328
3.75 -0 269.769
3.75 0.0625 269.236
3.59375 0.19375 264.741
3.51562 0.19375 264.817
3.51562 0.259375 257.509
3.59375 0.259375 257.912
3.51562 0.325 243.585
3.59375 0.325 244.012
3.67188 0.19375 265.21
3.75 0.19375 265.309
3.67188 0.259375 258.384
3.75 0.259375 258.907
3.67188 0.325 244.544
3.75 0.325 245.191
3.28125 0.390625 129.869
3.28125 0.45625 17.3679
3.4375 0.390625 118.917
3.4375 0.45625 17.242
3.28125 0.521875 13.9356
3.28125 0.5875 14.7253
3.4375 0.521875 14.0839
3.4375 0.5875 14.9366
3.28125 0.653125 16.5701
3.28125 0.71875 19.1713
3.4375 0.653125 16.8034
3.4375 0.71875 19.4013
3.28125 0.784375 22.7771
3.28125 0.85 28.0778
3.4375 0.784375 22.9666
3.4375 0.85 28.1451
3.51562 0.390625 130.861
3.59375 0.390625 131.259
3.51562 0.45625 17.8573
3.59375 0.45625 18.1597
3.51562 0.521875 14.1934
3.59375 0.521875 14.3567
3.51562 0.5875 14.9594
3.59375 0.5875 15.1098
3.67188 0.390625 131.766
3.75 0.390625 132.477
3.67188 0.45625 18.5774
3.75 0.45625 19.1614
3.67188 0.521875 14.579
3.75 0.521875 14.8795
3.67188 0.5875 15.3139
3.75 0.5875 15.5866
3.51562 0.653125 16.7763
3.59375 0.653125 16.9129
3.51562 0.71875 19.3013
3.59375 0.71875 19.398
3.51562 0.784375 22.7272
3.59375 0.784375 22.7277
3.51562 0.85 27.6191
3.59375 0.85 27.4135
3.67188 0.653125 17.1002
3.75 0.653125 17.3519
3.67188 0.71875 19.5367
3.75 0.71875 19.7384
3.67188 0.784375 22.7414
3.67188 0.85 26.7347
3.75 0.784375 22.7521
3.75 0.85 27.4855
2.8125 0.915625 37.344
2.8125 0.98125 96.6102
3.125 0.915625 37.5796
3.125 0.98125 97.9747
2.8125 1.1125 375.012
3.125 1.1125 392.773
2.8125 1.375 704.959
3.125 1.375 704.959
2.8125 1.6375 704.959
3.125 1.6375 704.959
2.8125 1.9 704.959
3.125 1.9 704.959
3.28125 0.915625 36.503
3.28125 0.98125 83.3436
3.4375 0.915625 36.2562
3.4375 0.98125 78.7717
3.28125 1.1125 390.954
3.4375 1.1125 460.324
3.28125 1.375 704.959
3.4375 1.24375 704.959
3.4375 1.375 704.959
3.51562 0.915625 35.0944
3.51562 0.98125 66.9847
3.59375 0.915625 34.2614
3.59375 0.98125 59.3152
3.51562 1.1125 419.837
3.59375 1.1125 409.971
3.67188 0.915625 32.7614
3.67188 0.98125 51.539
3.75 0.98125 45.9781
3.67188 1.1125 399.574
3.75 1.1125 354.381
3.51562 1.24375 704.959
3.59375 1.24375 704.958
3.51562 1.375 704.959
3.59375 1.375 704.958
3.67188 1.24375 704.935
3.75 1.24375 704.56
3.67188 1.375 704.932
3.75 1.375 704.508
3.28125 1.6375 704.959
3.4375 1.50625 704.959
3.4375 1.6375 704.959
3.28125 1.9 704.959
3.4375 1.76875 704.959
3.4375 1.9 704.959
3.51562 1.44063 704.959
3.51562 1.50625 704.959
3.59375 1.44063 704.959
3.59375 1.50625 704.959
3.51562 1.57187 704.959
3.51562 1.6375 704.959
3.59375 1.57187 704.959
3.59375 1.6375 704.959
3.67188 1.44063 704.94
3.67188 1.50625 704.949
3.75 1.44063 704.642
3.75 1.50625 704.778
3.67188 1.57187 704.955
3.67188 1.6375 704.958
3.75 1.57187 704.888
3.75 1.6375 704.94
3.59375 1.70312 704.959
3.59375 1.76875 704.959
3.67188 1.70312 704.959
3.67188 1.76875 704.959
3.75 1.70312 704.956
3.75 1.76875 704.959
3.59375 1.9 704.959
3.67188 1.83437 704.959
3.67188 1.9 704.959
3.75 1.83437 704.959
3.75 1.9 704.959
3.82812 -0 269.197
3.82812 0.0625 268.908
3.90625 -0 267.375
3.90625 0.0625 267.711
3.98438 -0 263.037
3.98438 0.0625 264.384
4.0625 -0 255.896
4.0625 0.0625 258.011
3.82812 0.19375 265.238
3.90625 0.19375 264.326
3.82812 0.259375 259.38
3.82812 0.325 245.896
3.90625 0.259375 259.272
3.90625 0.325 246.244
3.98438 0.19375 261.401
4.0625 0.19375 255.81
3.98438 0.259375 257.524
3.98438 0.325 245.405
4.0625 0.259375 253.684
4.0625 0.325 241.957
4.14062 -0 239.303
4.14062 0.0625 243.594
4.21875 -0 196.968
4.21875 0.0625 194.451
4.29688 -0 79.2123
4.29688 0.0625 106.511
4.375 -0 21.9069
4.375 0.0625 22.3992
4.14062 0.19375 243.196
4.21875 0.19375 148.384
4.14062 0.259375 242.408
4.14062 0.325 187.188
4.21875 0.259375 144.018
4.21875 0.325 106.626
4.29688 0.19375 57.5415
4.375 0.19375 21.1525
4.29688 0.259375 42.125
4.29688 0.325 28.6083
4.375 0.259375 20.4734
4.375 0.325 19.699
3.82812 0.390625 133.496
3.82812 0.45625 19.9932
3.90625 0.390625 134.839
3.90625 0.45625 21.2038
3.82812 0.521875 15.2804
3.82812 0.5875 15.9414
3.90625 0.521875 15.8041
3.90625 0.5875 16.3999
3.98438 0.390625 136.023
3.98438 0.45625 22.9279
4.0625 0.390625 135.282
4.0625 0.45625 24.6118
3.98438 0.521875 16.4747
3.98438 0.5875 17.0404
4.0625 0.521875 17.2425
4.0625 0.5875 17.9537
3.82812 0.653125 17.6726
3.82812 0.71875 19.6925
3.90625 0.653125 18.0811
3.90625 0.71875 20.4551
3.82812 0.784375 22.5313
3.82812 0.85 26.6687
3.90625 0.85 26.4532
3.98438 0.653125 18.7528
3.98438 0.71875 20.8619
4.0625 0.653125 19.8747
4.0625 0.71875 22.3121
3.98438 0.85 26.6983
4.0625 0.85 28.0883
4.14062 0.390625 105.708
4.14062 0.45625 23.5334
4.21875 0.390625 42.852
4.21875 0.45625 20.0614
4.14062 0.521875 17.8685
4.14062 0.5875 19.0745
4.21875 0.521875 18.5284
4.21875 0.5875 20.408
4.29688 0.390625 21.0777
4.29688 0.45625 18.6964
4.375 0.390625 19.4125
4.375 0.45625 20.0405
4.29688 0.521875 19.7455
4.29688 0.5875 22.1156
4.375 0.521875 21.7251
4.375 0.5875 24.1798
4.14062 0.653125 21.414
4.14062 0.71875 24.2231
4.21875 0.653125 23.1477
4.21875 0.71875 26.2517
4.14062 0.784375 27.4099
4.14062 0.85 30.9726
4.21875 0.784375 29.6271
4.21875 0.85 33.2696
4.29688 0.653125 25.0726
4.29688 0.71875 28.3529
4.375 0.653125 27.1209
4.375 0.71875 30.4297
4.29688 0.784375 31.9185
4.29688 0.85 34.959
4.375 0.784375 34.0798
4.375 0.85 37.157
4.45312 -0 21.1985
4.45312 0.0625 21.0769
4.53125 -0 21.7912
4.53125 0.0625 21.647
4.60938 -0 22.4592
4.60938 0.0625 22.3613
4.6875 -0 23.0085
4.6875 0.0625 22.9628
4.45312 0.19375 20.8471
4.53125 0.19375 21.8109
4.45312 0.259375 20.6605
4.45312 0.325 20.7142
4.53125 0.259375 21.908
4.53125 0.325 22.308
4.60938 0.19375 22.7375
4.6875 0.19375 23.2317
4.60938 0.259375 23.0147
4.60938 0.325 23.5979
4.6875 0.259375 23.6877
4.6875 0.325 24.2287
4.76562 -0 23.5359
4.76562 0.0625 23.4935
4.84375 -0 25.8294
4.84375 0.0625 25.2094
4.92188 -0 32.5605
4.92188 0.0625 30.7881
5 -0 55.8738
5 0.0625 50.0356
4.76562 0.19375 24.005
4.84375 0.19375 26.0987
4.76562 0.325 25.2247
4.84375 0.325 27.4532
4.92188 0.19375 32.3332
5 0.19375 59.2755
4.92188 0.325 34.3115
5 0.325 77.7382
4.45312 0.390625 21.1728
4.45312 0.45625 22.2385
4.53125 0.390625 23.045
4.53125 0.45625 24.2314
4.45312 0.521875 23.972
4.45312 0.5875 26.2863
4.53125 0.521875 25.9134
4.53125 0.5875 28.0789
4.60938 0.390625 24.4676
4.60938 0.45625 25.7027
4.6875 0.390625 25.1776
4.6875 0.45625 26.2218
4.60938 0.521875 27.3425
4.60938 0.5875 29.4269
4.6875 0.521875 27.8534
4.6875 0.5875 29.603
4.45312 0.653125 29.0807
4.45312 0.71875 32.3277
4.53125 0.653125 30.6797
4.53125 0.71875 32.8363
4.45312 0.784375 36.2028
4.45312 0.85 39.4661
4.53125 0.784375 36.4816
4.53125 0.85 41.3014
4.60938 0.653125 31.9629
4.60938 0.71875 34.1855
4.6875 0.653125 32.1499
4.6875 0.71875 35.4195
4.6875 0.85 42.0058
4.76562 0.45625 27.4165
4.76562 0.5875 30.8496
4.84375 0.45625 29.7672
4.84375 0.5875 33.3154
4.92188 0.45625 37.7729
4.92188 0.5875 46.4054
5 0.45625 119.036
5 0.5875 288.972
4.76562 0.71875 35.6632
4.76562 0.85 41.7761
4.84375 0.71875 38.3175
4.84375 0.85 46.8545
4.92188 0.71875 70.2947
4.92188 0.85 129.863
5 0.71875 380.945
5 0.85 422.566
3.82812 0.98125 39.4187
3.82812 1.1125 221.473
3.90625 0.98125 36.5008
3.90625 1.1125 69.3746
3.98438 0.98125 34.6913
3.98438 1.1125 47.1794
4.0625 0.98125 34.9993
4.0625 1.1125 45.6755
3.82812 1.24375 646.435
3.90625 1.24375 407.828
3.82812 1.375 700.807
3.90625 1.375 683.738
3.98438 1.24375 158.46
4.0625 1.24375 61.8721
3.98438 1.375 559.098
4.0625 1.375 321.446
4.14062 0.915625 34.3017
4.14062 0.98125 38.6947
4.21875 0.915625 37.2727
4.21875 0.98125 40.442
4.14062 1.1125 48.677
4.21875 1.1125 51.6737
4.29688 0.915625 39.6569
4.29688 0.98125 44.1852
4.375 0.98125 46.8906
4.375 1.1125 59.2518
4.14062 1.24375 63.0648
4.21875 1.24375 65.0618
4.14062 1.375 81.4252
4.21875 1.375 78.1182
4.375 1.24375 71.2388
4.375 1.375 79.2196
3.82812 1.44063 701.95
3.82812 1.50625 703.187
3.90625 1.44063 688.758
3.90625 1.50625 694.952
3.82812 1.57187 704.244
3.82812 1.6375 704.762
3.90625 1.57187 700.697
3.90625 1.6375 703.723
3.98438 1.44063 654.242
3.98438 1.50625 671.754
4.0625 1.44063 590.041
4.0625 1.50625 638.342
3.98438 1.57187 689.822
3.98438 1.6375 700.28
4.0625 1.57187 672.569
4.0625 1.6375 694.279
3.82812 1.70312 704.922
3.82812 1.76875 704.954
3.90625 1.70312 704.714
3.90625 1.76875 704.926
3.82812 1.83437 704.959
3.82812 1.9 704.959
3.90625 1.83437 704.956
3.90625 1.9 704.959
3.98438 1.70312 703.98
3.98438 1.76875 704.82
4.0625 1.70312 702.604
4.0625 1.76875 704.611
3.98438 1.83437 704.946
3.98438 1.9 704.958
4.0625 1.83437 704.925
4.0625 1.9 704.957
4.14062 1.44063 336.416
4.14062 1.50625 609.051
4.21875 1.44063 116.58
4.21875 1.50625 463.99
4.14062 1.57187 660.244
4.14062 1.6375 689.598
4.21875 1.57187 653.733
4.21875 1.6375 686.613
4.375 1.44063 105.27
4.375 1.50625 386.628
4.375 1.57187 657.195
4.375 1.6375 688.337
4.14062 1.70312 701.459
4.14062 1.76875 704.431
4.21875 1.70312 700.633
4.21875 1.76875 704.29
4.14062 1.83437 704.906
4.14062 1.9 704.956
4.21875 1.83437 704.891
4.21875 1.9 704.955
4.375 1.70312 701.132
4.375 1.76875 704.378
4.375 1.83437 704.9
4.375 1.9 704.955
4.53125 0.98125 51.3406
4.53125 1.1125 64.1596
4.6875 0.98125 52.7161
4.6875 1.1125 65.8464
4.53125 1.24375 77.2867
4.53125 1.375 90.0099
4.6875 1.24375 83.8936
4.6875 1.375 123.063
4.76562 0.98125 50.6484
4.76562 1.1125 65.1316
4.84375 0.98125 67.7506
4.84375 1.1125 120.242
4.92188 0.98125 307.241
4.92188 1.1125 402.096
5 0.98125 547.896
5 1.1125 692.98
4.76562 1.24375 95.9637
4.84375 1.24375 296.001
4.76562 1.375 324.442
4.84375 1.375 511.349
4.92188 1.24375 518.848
5 1.24375 692.99
4.92188 1.375 665.891
5 1.375 694.601
4.53125 1.44063 139.966
4.53125 1.50625 387.572
4.6875 1.44063 343.284
4.6875 1.50625 533.336
4.53125 1.57187 657.195
4.53125 1.6375 688.337
4.6875 1.57187 660.912
4.6875 1.6375 690.132
4.53125 1.70312 701.132
4.53125 1.76875 704.378
4.6875 1.70312 701.643
4.6875 1.76875 704.466
4.53125 1.83437 704.9
4.53125 1.9 704.955
4.6875 1.83437 704.91
4.6875 1.9 704.956
4.76562 1.44063 439.722
4.76562 1.50625 618.046
4.84375 1.44063 613.543
4.84375 1.50625 643.771
4.76562 1.57187 660.529
4.76562 1.6375 689.331
4.84375 1.57187 673.328
4.84375 1.6375 693.771
4.92188 1.44063 665.537
4.92188 1.50625 676.465
5 1.44063 693.921
5 1.50625 696.95
4.92188 1.57187 690.332
4.92188 1.6375 699.824
5 1.57187 700.891
5 1.6375 703.549
4.76562 1.70312 701.321
4.76562 1.76875 704.401
4.84375 1.70312 702.332
4.84375 1.76875 704.552
4.76562 1.83437 704.902
4.76562 1.9 704.955
4.84375 1.83437 704.917
4.84375 1.9 704.956
4.92188 1.70312 703.755
4.92188 1.76875 704.772
5 1.70312 704.63
5 1.76875 704.908
4.92188 1.83437 704.94
4.92188 1.9 704.958
5 1.83437 704.954
5 1.9 704.959
0.3125 2.03125 704.959
-0 2.03125 704.959
0.625 2.03125 704.959
0.3125 2.1625 707.269
-0 2.1625 708.285
0.625 2.1625 707.269
0.3125 2.22812 728.648
-0 2.22812 739.951
0.3125 2.29375 809.252
-0 2.29375 838.101
0.625 2.22812 728.648
0.625 2.29375 809.252
0.3125 2.35938 943.012
-0 2.35938 979.55
0.3125 2.425 1072.38
-0 2.425 1099.1
0.625 2.35938 943.012
0.625 2.425 1072.38
0.3125 2.49062 1146.67
-0 2.49062 1157.52
0.3125 2.55625 1170.15
-0 2.55625 1172.95
0.625 2.49062 1146.67
0.625 2.55625 1170.15
0.3125 2.6875 1176.13
-0 2.6875 1176.49
0.625 2.6875 1176.13
0.3125 2.95 1176.78
-0 2.95 1176.79
0.625 2.95 1176.78
0.9375 2.03125 704.959
1.25 2.03125 704.959
0.9375 2.1625 707.269
1.25 2.1625 707.269
0.9375 2.22812 728.648
0.9375 2.29375 809.252
1.25 2.22812 728.648
1.25 2.29375 809.252
0.9375 2.35938 943.012
0.9375 2.425 1072.38
1.25 2.35938 943.012
1.25 2.425 1072.38
0.9375 2.49062 1146.67
0.9375 2.55625 1170.15
1.25 2.49062 1146.67
1.25 2.55625 1170.15
0.9375 2.6875 1176.13
1.25 2.6875 1176.13
0.9375 2.95 1176.78
1.25 2.95 1176.78
1.5625 2.03125 704.959
1.875 2.03125 704.959
1.5625 2.1625 707.269
1.875 2.1625 707.269
1.5625 2.22812 728.648
1.5625 2.29375 809.252
1.875 2.22812 728.648
1.875 2.29375 809.252
1.5625 2.35938 943.012
1.5625 2.425 1072.38
1.875 2.35938 943.012
1.875 2.425 1072.38
1.5625 2.49062 1146.67
1.5625 2.55625 1170.15
1.875 2.49062 1146.67
1.875 2.55625 1170.15
1.5625 2.6875 1176.13
1.875 2.6875 1176.13
1.5625 2.95 1176.78
1.875 2.95 1176.78
2.1875 2.03125 704.959
2.5 2.03125 704.959
2.1875 2.1625 707.269
2.5 2.1625 707.269
2.1875 2.22812 728.648
2.1875 2.29375 809.252
2.5 2.22812 728.648
2.5 2.29375 809.252
2.1875 2.35938 943.012
2.1875 2.425 1072.38
2.5 2.35938 943.012
2.5 2.425 1072.38
2.1875 2.49062 1146.67
2.1875 2.55625 1170.15
2.5 2.49062 1146.67
2.5 2.55625 1170.15
2.1875 2.6875 1176.13
2.5 2.6875 1176.13
2.1875 2.95 1176.78
2.5 2.95 1176.78
2.8125 2.03125 704.959
3.125 2.03125 704.959
2.8125 2.1625 707.269
3.125 2.1625 707.632
2.8125 2.22812 728.648
2.8125 2.29375 809.252
3.125 2.22812 732.416
3.125 2.29375 818.869
2.8125 2.35938 943.012
2.8125 2.425 1072.38
3.125 2.35938 955.191
3.125 2.425 1081.28
2.8125 2.49062 1146.67
2.8125 2.55625 1170.15
3.125 2.49062 1150.29
3.125 2.55625 1171.01
2.8125 2.6875 1176.13
3.125 2.6875 1176.14
2.8125 2.95 1176.78
3.125 2.95 1176.78
3.28125 2.03125 704.959
3.4375 2.03125 704.959
3.28125 2.1625 707.269
3.4375 2.1625 707.269
3.59375 2.03125 704.959
3.75 2.03125 704.959
3.59375 2.1625 707.269
3.75 2.1625 706.849
3.28125 2.22812 728.648
3.4375 2.22812 728.648
3.28125 2.29375 809.252
3.4375 2.29375 809.252
3.59375 2.22812 728.648
3.75 2.22812 728.648
3.59375 2.29375 809.252
3.75 2.29375 809.252
3.28125 2.35938 943.012
3.4375 2.35938 943.012
3.28125 2.425 1072.38
3.4375 2.425 1072.38
3.59375 2.35938 943.012
3.75 2.35938 943.012
3.59375 2.425 1072.38
3.75 2.425 1072.38
3.28125 2.49062 1146.67
3.4375 2.49062 1146.67
3.28125 2.55625 1170.15
3.4375 2.55625 1170.15
3.59375 2.49062 1146.67
3.75 2.49062 1146.67
3.59375 2.55625 1170.15
3.75 2.55625 1170.15
3.28125 2.6875 1176.09
3.4375 2.6875 1176.05
3.59375 2.6875 1176.09
3.75 2.6875 1176.05
3.4375 2.95 1176.78
3.75 2.95 1176.78
3.82812 1.96562 704.959
3.82812 2.03125 704.959
3.90625 1.96562 704.959
3.90625 2.03125 704.959
3.98438 1.96562 704.959
3.98438 2.03125 704.959
4.0625 1.96562 704.959
4.0625 2.03125 704.959
4.14062 1.96562 704.959
4.14062 2.03125 704.959
4.21875 1.96562 704.959
4.21875 2.03125 704.959
4.375 1.96562 704.959
4.375 2.03125 704.959
3.90625 2.1625 706.692
4.0625 2.1625 706.692
4.21875 2.1625 707.038
4.375 2.1625 707.269
3.90625 2.22812 728.648
4.0625 2.22812 728.648
3.90625 2.29375 809.252
4.0625 2.29375 809.252
4.21875 2.22812 728.648
4.375 2.22812 728.648
4.21875 2.29375 809.252
4.375 2.29375 809.252
3.90625 2.35938 943.012
4.0625 2.35938 943.012
3.90625 2.425 1072.38
4.0625 2.425 1072.38
4.21875 2.35938 943.012
4.375 2.35938 943.012
4.21875 2.425 1072.38
4.375 2.425 1072.38
3.90625 2.49062 1146.67
4.0625 2.49062 1146.67
3.90625 2.55625 1170.15
4.0625 2.55625 1170.15
4.21875 2.49062 1146.67
4.375 2.49062 1146.67
4.21875 2.55625 1170.15
4.375 2.55625 1170.15
3.90625 2.6875 1176.09
4.0625 2.6875 1176.05
4.21875 2.6875 1176.09
4.375 2.6875 1176.05
4.0625 2.95 1176.78
4.375 2.95 1176.78
4.53125 1.96562 704.959
4.53125 2.03125 704.959
4.6875 1.96562 704.959
4.6875 2.03125 704.959
4.76562 1.96562 704.959
4.76562 2.03125 704.959
4.84375 1.96562 704.959
4.84375 2.03125 704.959
4.92188 1.96562 704.959
4.92188 2.03125 704.959
5 1.96562 704.959
5 2.03125 704.959
4.53125 2.1625 707.269
4.6875 2.1625 706.849
4.84375 2.1625 706.692
5 2.1625 706.692
4.53125 2.22812 728.648
4.6875 2.22812 728.648
4.53125 2.29375 809.252
4.6875 2.29375 809.252
4.84375 2.22812 728.648
5 2.22812 728.648
4.84375 2.29375 809.252
5 2.29375 809.252
4.53125 2.35938 943.012
4.6875 2.35938 943.012
4.53125 2.425 1072.38
4.6875 2.425 1072.38
4.84375 2.35938 943.012
5 2.35938 943.012
4.84375 2.425 1072.38
5 2.425 1072.38
4.53125 2.49062 1146.67
4.6875 2.49062 1146.67
4.53125 2.55625 1170.15
4.6875 2.55625 1170.15
4.84375 2.49062 1146.67
5 2.49062 1146.67
4.84375 2.55625 1170.15
5 2.55625 1170.15
4.53125 2.6875 1176.09
4.6875 2.6875 1176.05
4.84375 2.6875 1176.09
5 2.6875 1176.05
4.6875 2.95 1176.78
5 2.95 1176.78
0.3125 3.2125 1176.79
-0 3.2125 1176.79
0.3125 3.475 1176.79
-0 3.475 1176.79
0.625 3.2125 1176.79
0.625 3.475 1176.79
0.9375 3.2125 1176.79
0.9375 3.475 1176.79
1.25 3.2125 1176.79
1.25 3.475 1176.79
1.5625 3.2125 1176.79
1.5625 3.475 1176.79
1.875 3.2125 1176.79
1.875 3.475 1176.79
2.1875 3.2125 1176.79
2.1875 3.475 1176.79
2.5 3.2125 1176.79
2.5 3.475 1176.79
2.8125 3.2125 1176.79
2.8125 3.475 1176.79
3.125 3.2125 1176.79
3.125 3.475 1176.79
3.4375 3.2125 1176.79
3.4375 3.475 1176.79
3.75 3.2125 1176.79
3.75 3.475 1176.79
4.0625 3.2125 1176.79
4.0625 3.475 1176.79
4.375 3.2125 1176.79
4.375 3.475 1176.79
4.6875 3.2125 1176.79
4.6875 3.475 1176.79
5 3.2125 1176.79
5 3.475 1176.79
0.3125 3.7375 1176.79
-0 3.7375 1176.79
0.3125 4 1176.79
0.625 3.7375 1176.79
0.625 4 1176.79
0.9375 3.7375 1176.79
0.9375 4 1176.79
1.25 3.7375 1176.79
1.25 4 1176.79
1.5625 3.7375 1176.79
1.5625 4 1176.79
1.875 3.7375 1176.79
1.875 4 1176.79
2.1875 3.7375 1176.79
2.1875 4 1176.79
2.5 3.7375 1176.79
2.5 4 1176.79
2.8125 3.7375 1176.79
2.8125 4 1176.79
3.125 3.7375 1176.79
3.125 4 1176.79
3.4375 3.7375 1176.79
3.4375 4 1176.79
3.75 3.7375 1176.79
3.75 4 1176.79
4.0625 3.7375 1176.79
4.0625 4 1176.79
4.375 3.7375 1176.79
4.375 4 1176.79
4.6875 3.7375 1176.79
4.6875 4 1176.79
5 3.7375 1176.79
5 4 1176.79
5.07812 -0 491.634
5.07812 0.0625 347.617
5.15625 -0 704.88
5.15625 0.0625 704.763
5.23438 -0 704.956
5.23438 0.0625 704.949
5.3125 -0 704.959
5.3125 0.0625 704.959
5.07812 0.19375 388.351
5.07812 0.325 397.528
5.15625 0.19375 704.794
5.15625 0.325 704.794
5.23438 0.19375 704.951
5.3125 0.19375 704.959
5.23438 0.325 704.951
5.3125 0.325 704.959
5.39062 -0 704.958
5.39062 0.0625 704.958
5.46875 -0 699.957
5.46875 0.0625 702.051
5.54688 -0 528.677
5.54688 0.0625 594.441
5.625 -0 199.398
5.625 0.0625 280.502
5.39062 0.128125 704.959
5.39062 0.19375 704.959
5.46875 0.128125 703.127
5.46875 0.19375 704.618
5.39062 0.259375 704.959
5.39062 0.325 704.959
5.46875 0.259375 704.947
5.46875 0.325 704.959
5.54688 0.128125 612.53
5.54688 0.19375 663.097
5.625 0.128125 311.203
5.625 0.19375 443.346
5.54688 0.259375 701.509
5.54688 0.325 704.926
5.625 0.259375 624.405
5.625 0.325 701.337
5.07812 0.45625 423.832
5.07812 0.5875 534.253
5.15625 0.45625 704.794
5.15625 0.5875 704.794
5.23438 0.45625 704.951
5.23438 0.5875 704.951
5.3125 0.45625 704.959
5.3125 0.5875 704.959
5.07812 0.71875 691.301
5.07812 0.85 703.078
5.15625 0.71875 704.794
5.15625 0.85 704.794
5.23438 0.71875 704.951
5.23438 0.85 704.951
5.3125 0.71875 704.959
5.3125 0.85 704.959
5.46875 0.390625 704.959
5.46875 0.45625 704.959
5.54688 0.390625 704.959
5.54688 0.45625 704.959
5.625 0.390625 704.938
5.625 0.45625 704.959
5.46875 0.5875 704.959
5.625 0.5875 704.959
5.46875 0.85 704.959
5.625 0.85 704.959
5.70312 -0 84.5262
5.70312 0.0625 91.7293
5.78125 0.0625 62.7267
5.9375 -0 60.8514
5.9375 0.0625 62.5325
5.70312 0.128125 107.528
5.70312 0.19375 209.123
5.78125 0.128125 70.1905
5.78125 0.19375 128.84
5.70312 0.259375 463.112
5.70312 0.325 666.081
5.78125 0.259375 349.632
5.78125 0.325 617.786
5.9375 0.128125 72.5921
5.9375 0.19375 155.557
5.9375 0.259375 391.99
5.9375 0.325 637.762
6.01562 -0 92.3364
6.01562 0.0625 84.2664
6.09375 -0 319.954
6.09375 0.0625 244.828
6.17188 -0 638.021
6.17188 0.0625 568.358
6.25 -0 729.2
6.25 0.0625 704.248
6.01562 0.128125 106.328
6.01562 0.19375 206.264
6.09375 0.128125 273.089
6.09375 0.19375 377.714
6.01562 0.259375 422.455
6.01562 0.325 632.02
6.09375 0.259375 554.621
6.09375 0.325 673.019
6.17188 0.128125 576.197
6.17188 0.19375 606.791
6.25 0.128125 709.344
6.25 0.19375 709.427
6.17188 0.259375 667.323
6.17188 0.325 700.672
6.25 0.259375 716.435
6.25 0.325 716.403
5.70312 0.390625 704.457
5.70312 0.45625 704.958
5.78125 0.390625 703.372
5.78125 0.45625 704.957
5.9375 0.390625 703.574
5.9375 0.45625 704.957
5.78125 0.5875 704.959
5.9375 0.5875 704.959
5.9375 0.85 704.959
6.01562 0.390625 703.642
6.01562 0.45625 704.957
6.09375 0.390625 704.504
6.09375 0.45625 704.959
6.09375 0.5875 704.959
6.09375 0.85 704.959
6.17188 0.390625 705.082
6.17188 0.45625 705.135
6.25 0.45625 719.815
6.17188 0.5875 705.135
6.25 0.5875 718.937
6.17188 0.85 705.179
6.25 0.85 722.278
5.07812 0.98125 703.078
5.07812 1.1125 703.078
5.15625 0.98125 704.794
5.15625 1.1125 704.794
5.23438 0.98125 704.951
5.23438 1.1125 704.951
5.3125 0.98125 704.959
5.3125 1.1125 704.959
5.07812 1.24375 703.078
5.15625 1.24375 704.794
5.07812 1.375 703.38
5.15625 1.375 704.823
5.23438 1.24375 704.951
5.3125 1.24375 704.959
5.23438 1.375 704.953
5.3125 1.375 704.959
5.46875 1.1125 704.959
5.625 1.1125 704.959
5.46875 1.24375 704.959
5.46875 1.375 704.959
5.625 1.375 704.959
5.07812 1.44063 703.204
5.07812 1.50625 703.678
5.15625 1.44063 704.804
5.15625 1.50625 704.845
5.07812 1.57187 704.311
5.07812 1.6375 704.735
5.15625 1.57187 704.901
5.15625 1.6375 704.939
5.07812 1.70312 704.907
5.07812 1.76875 704.951
5.15625 1.70312 704.955
5.15625 1.76875 704.959
5.07812 1.83437 704.958
5.07812 1.9 704.959
5.15625 1.83437 704.959
5.15625 1.9 704.959
5.23438 1.44063 704.952
5.23438 1.50625 704.954
5.3125 1.44063 704.959
5.3125 1.50625 704.959
5.23438 1.57187 704.956
5.23438 1.6375 704.958
5.3125 1.57187 704.959
5.3125 1.6375 704.959
5.23438 1.70312 704.959
5.23438 1.76875 704.959
5.3125 1.70312 704.959
5.3125 1.76875 704.959
5.23438 1.83437 704.959
5.23438 1.9 704.959
5.3125 1.9 704.959
5.46875 1.50625 704.959
5.625 1.50625 704.959
5.46875 1.6375 704.959
5.625 1.6375 704.959
5.46875 1.76875 704.959
5.625 1.76875 704.959
5.46875 1.9 704.959
5.625 1.9 704.959
5.9375 1.1125 704.959
5.9375 1.375 704.959
6.09375 1.1125 704.959
6.09375 1.375 704.959
6.17188 1.1125 705.179
6.25 1.1125 722.278
6.17188 1.375 705.179
6.25 1.375 722.278
5.9375 1.6375 704.959
5.9375 1.9 704.959
6.09375 1.6375 704.959
6.09375 1.9 704.959
6.17188 1.6375 705.179
6.25 1.6375 722.278
6.17188 1.9 705.222
6.25 1.9 725.619
6.32812 -0 837.168
6.32812 0.0625 780.674
6.40625 -0 998.266
6.40625 0.0625 942.107
6.32812 0.19375 775.69
6.32812 0.325 791.944
6.40625 0.19375 956.815
6.40625 0.325 956.815
6.48438 -0 1121.35
6.48438 0.0625 1086.04
6.5625 -0 1164.71
6.5625 0.0625 1151.54
6.48438 0.19375 1095.29
6.48438 0.325 1095.29
6.5625 0.19375 1154.64
6.5625 0.325 1153.46
6.71875 -0 1176.17
6.71875 0.0625 1174.23
6.71875 0.325 1173.65
6.875 -0 1176.78
6.875 0.0625 1176.78
6.875 0.325 1176.78
6.32812 0.45625 805.295
6.32812 0.5875 794.67
6.40625 0.45625 956.815
6.40625 0.5875 942.998
6.32812 0.85 805.295
6.40625 0.85 956.815
6.48438 0.45625 1095.29
6.48438 0.5875 1086.6
6.5625 0.45625 1154.64
6.5625 0.5875 1153.31
6.48438 0.85 1095.29
6.5625 0.85 1155.84
6.71875 0.5875 1174.51
6.71875 0.85 1175.26
6.875 0.5875 1176.78
6.875 0.85 1176.78
7.1875 -0 1176.79
7.1875 0.0625 1176.79
7.1875 0.325 1176.79
7.5 -0 1176.79
7.5 0.0625 1176.79
7.5 0.325 1176.79
7.1875 0.5875 1176.79
7.1875 0.85 1176.79
7.5 0.5875 1176.79
7.5 0.85 1176.79
6.32812 1.1125 805.295
6.40625 1.1125 956.815
6.32812 1.375 805.295
6.40625 1.375 956.815
6.48438 1.1125 1095.29
6.5625 1.1125 1155.84
6.48438 1.375 1095.29
6.5625 1.375 1155.84
6.71875 1.1125 1175.26
6.71875 1.375 1175.26
6.875 1.1125 1176.78
6.875 1.375 1176.78
6.32812 1.6375 805.295
6.40625 1.6375 956.815
6.32812 1.9 815.92
6.40625 1.9 970.632
6.48438 1.6375 1095.29
6.5625 1.6375 1155.84
6.48438 1.9 1103.98
6.5625 1.9 1155.59
6.71875 1.6375 1175.26
6.71875 1.9 1174.11
6.875 1.6375 1176.78
6.875 1.9 1176.78
7.1875 1.1125 1176.79
7.1875 1.375 1176.79
7.5 1.1125 1176.79
7.5 1.375 1176.79
7.1875 1.6375 1176.79
7.1875 1.9 1176.79
7.5 1.6375 1176.79
7.5 1.9 1176.79
5.07812 1.96562 704.959
5.07812 2.03125 704.959
5.15625 2.03125 704.959
5.3125 2.03125 704.959
5.46875 2.03125 704.959
5.625 2.03125 704.959
5.15625 2.1625 707.038
5.3125 2.1625 707.269
5.46875 2.1625 707.269
5.625 2.1625 706.878
5.15625 2.22812 728.648
5.3125 2.22812 728.648
5.15625 2.29375 809.252
5.3125 2.29375 809.252
5.46875 2.22812 728.648
5.625 2.22812 724.88
5.46875 2.29375 809.252
5.625 2.29375 799.636
5.15625 2.35938 943.012
5.3125 2.35938 943.012
5.15625 2.425 1072.38
5.3125 2.425 1072.38
5.46875 2.35938 943.012
5.625 2.35938 930.832
5.46875 2.425 1072.38
5.625 2.425 1063.47
5.15625 2.49062 1146.67
5.3125 2.49062 1146.67
5.15625 2.55625 1170.15
5.3125 2.55625 1170.15
5.46875 2.49062 1146.67
5.625 2.49062 1143.06
5.46875 2.55625 1170.15
5.625 2.55625 1169.35
5.15625 2.6875 1176.09
5.3125 2.6875 1176.05
5.46875 2.6875 1176.09
5.625 2.6875 1176.03
5.3125 2.95 1176.78
5.625 2.95 1176.78
5.9375 2.03125 704.959
5.9375 2.1625 707.632
5.9375 2.22812 732.416
5.9375 2.29375 818.869
5.9375 2.35938 955.191
5.9375 2.425 1081.28
6.09375 2.03125 704.959
6.09375 2.1625 707.632
6.17188 2.03125 705.179
6.25 2.03125 722.278
6.17188 2.1625 707.532
6.25 2.1625 727.885
6.09375 2.22812 732.416
6.09375 2.29375 818.869
6.17188 2.22812 728.862
6.25 2.22812 745.404
6.17188 2.29375 809.441
6.25 2.29375 823.678
6.09375 2.35938 955.191
6.09375 2.425 1081.28
6.17188 2.35938 943.14
6.25 2.35938 952.461
6.17188 2.425 1072.43
6.25 2.425 1076.28
5.9375 2.49062 1150.29
5.9375 2.55625 1171.01
6.09375 2.49062 1150.29
6.09375 2.55625 1170.07
6.17188 2.49062 1146.69
6.25 2.49062 1147.56
6.17188 2.55625 1169.78
6.25 2.55625 1169.48
5.9375 2.6875 1176.14
6.09375 2.6875 1175.71
6.25 2.6875 1175.64
5.9375 2.95 1176.78
6.25 2.95 1176.78
6.32812 2.03125 805.295
6.40625 2.03125 956.815
6.32812 2.1625 817.884
6.40625 2.1625 971.828
6.48438 2.03125 1095.29
6.5625 2.03125 1154.64
6.48438 2.1625 1089.32
6.5625 2.1625 1144.56
6.32812 2.22812 825.116
6.32812 2.29375 891.75
6.40625 2.22812 968.949
6.40625 2.29375 1011.09
6.48438 2.22812 1093.21
6.48438 2.29375 1105.07
6.5625 2.29375 1154.07
6.32812 2.35938 998.378
6.32812 2.425 1097.73
6.40625 2.35938 1076.6
6.40625 2.425 1126.2
6.48438 2.35938 1137.36
6.48438 2.425 1158.25
6.5625 2.425 1171.44
6.71875 2.1625 1173.92
6.875 2.1625 1176.78
6.71875 2.425 1176.17
6.875 2.425 1176.78
6.32812 2.49062 1153.87
6.40625 2.49062 1160.91
6.32812 2.55625 1171.28
6.40625 2.55625 1173.57
6.40625 2.6875 1176.39
6.5625 2.55625 1175.45
6.5625 2.6875 1176.71
6.5625 2.95 1176.79
6.71875 2.6875 1176.78
6.875 2.6875 1176.79
6.875 2.95 1176.79
7.1875 2.1625 1176.79
7.1875 2.425 1176.79
7.5 2.1625 1176.79
7.5 2.425 1176.79
7.1875 2.6875 1176.79
7.1875 2.95 1176.79
7.5 2.6875 1176.79
7.5 2.95 1176.79
5.3125 3.2125 1176.79
5.3125 3.475 1176.79
5.625 3.2125 1176.79
5.625 3.475 1176.79
5.9375 3.2125 1176.79
5.9375 3.475 1176.79
6.25 3.2125 1176.79
6.25 3.475 1176.79
6.5625 3.2125 1176.79
6.5625 3.475 1176.79
6.875 3.2125 1176.79
6.875 3.475 1176.79
7.1875 3.2125 1176.79
7.1875 3.475 1176.79
7.5 3.2125 1176.79
7.5 3.475 1176.79
5.3125 3.7375 1176.79
5.3125 4 1176.79
5.625 3.7375 1176.79
5.625 4 1176.79
5.9375 3.7375 1176.79
5.9375 4 1176.79
6.25 3.7375 1176.79
6.25 4 1176.79
6.5625 3.7375 1176.79
6.5625 4 1176.79
6.875 3.7375 1176.79
6.875 4 1176.79
7.1875 3.7375 1176.79
7.1875 4 1176.79
7.5 3.7375 1176.79
7.5 4 1176.79
7.8125 -0 1176.79
7.8125 0.0625 1176.79
7.8125 0.325 1176.79
8.125 -0 1176.79
8.125 0.0625 1176.79
8.125 0.325 1176.79
7.8125 0.5875 1176.79
7.8125 0.85 1176.79
8.125 0.5875 1176.79
8.125 0.85 1176.79
8.4375 -0 1176.79
8.4375 0.0625 1176.79
8.4375 0.325 1176.79
8.75 -0 1176.79
8.75 0.0625 1176.79
8.75 0.325 1176.79
8.4375 0.5875 1176.79
8.4375 0.85 1176.79
8.75 0.5875 1176.79
8.75 0.85 1176.79
7.8125 1.1125 1176.79
7.8125 1.375 1176.79
8.125 1.1125 1176.79
8.125 1.375 1176.79
7.8125 1.6375 1176.79
7.8125 1.9 1176.79
8.125 1.6375 1176.79
8.125 1.9 1176.79
8.4375 1.1125 1176.79
8.4375 1.375 1176.79
8.75 1.1125 1176.79
8.75 1.375 1176.79
8.4375 1.6375 1176.79
8.4375 1.9 1176.79
8.75 1.6375 1176.79
8.75 1.9 1176.79
9.0625 -0 1176.79
9.0625 0.0625 1176.79
9.0625 0.325 1176.79
9.375 -0 1176.79
9.375 0.0625 1176.79
9.375 0.325 1176.79
9.0625 0.5875 1176.79
9.0625 0.85 1176.79
9.375 0.5875 1176.79
9.375 0.85 1176.79
9.0625 1.1125 1176.79
9.0625 1.375 1176.79
9.375 1.1125 1176.79
9.375 1.375 1176.79
9.0625 1.6375 1176.79
9.0625 1.9 1176.79
9.375 1.6375 1176.79
9.375 1.9 1176.79
9.6875 -0 1176.79
9.6875 0.0625 1176.79
9.6875 0.325 1176.79
10 -0 1176.79
10 0.0625 1176.79
10 0.325 1176.79
9.6875 0.5875 1176.79
9.6875 0.85 1176.79
10 0.5875 1176.79
10 0.85 1176.79
9.6875 1.1125 1176.79
9.6875 1.375 1176.79
10 1.1125 1176.79
10 1.375 1176.79
9.6875 1.6375 1176.79
9.6875 1.9 1176.79
10 1.6375 1176.79
10 1.9 1176.79
7.8125 2.1625 1176.79
7.8125 2.425 1176.79
8.125 2.1625 1176.79
8.125 2.425 1176.79
7.8125 2.6875 1176.79
7.8125 2.95 1176.79
8.125 2.6875 1176.79
8.125 2.95 1176.79
8.4375 2.1625 1176.79
8.4375 2.425 1176.79
8.75 2.1625 1176.79
8.75 2.425 1176.79
8.4375 2.6875 1176.79
8.4375 2.95 1176.79
8.75 2.6875 1176.79
8.75 2.95 1176.79
7.8125 3.2125 1176.79
7.8125 3.475 1176.79
8.125 3.2125 1176.79
8.125 3.475 1176.79
8.4375 3.2125 1176.79
8.4375 3.475 1176.79
8.75 3.2125 1176.79
8.75 3.475 1176.79
7.8125 3.7375 1176.79
7.8125 4 1176.79
8.125 3.7375 1176.79
8.125 4 1176.79
8.4375 3.7375 1176.79
8.4375 4 1176.79
8.75 3.7375 1176.79
8.75 4 1176.79
9.0625 2.1625 1176.79
9.0625 2.425 1176.79
9.375 2.1625 1176.79
9.375 2.425 1176.79
9.0625 2.6875 1176.79
9.0625 2.95 1176.79
9.375 2.6875 1176.79
9.375 2.95 1176.79
9.6875 2.1625 1176.79
9.6875 2.425 1176.79
10 2.1625 1176.79
10 2.425 1176.79
9.6875 2.6875 1176.79
9.6875 2.95 1176.79
10 2.6875 1176.79
10 2.95 1176.79
9.0625 3.2125 1176.79
9.0625 3.475 1176.79
9.375 3.2125 1176.79
9.375 3.475 1176.79
9.0625 3.7375 1176.79
9.0625 4 1176.79
9.375 3.7375 1176.79
9.375 4 1176.79
9.6875 3.2125 1176.79
9.6875 3.475 1176.79
10 3.2125 1176.79
10 3.475 1176.79
9.6875 3.7375 1176.79
9.6875 4 1176.79
10 3.7375 1176.79
-0 -0 265.755
0.1 -0 264.691
5.765 -0 65.7286
5.965 -0 62.7754
10 4 1176.79
-0 4 1176.79
0.1 0.0625 265.111
