0.3125 -0 -32.9719
0.3125 0.0625 -32.9719
-0 0.0625 -32.9719
0.625 -0 -32.9719
0.625 0.0625 -32.9719
0.3125 0.19375 -32.9719
-0 0.19375 -32.9719
0.625 0.19375 -32.9719
0.3125 0.259375 -32.9719
-0 0.259375 -32.9719
0.3125 0.325 -32.9706
-0 0.325 -32.9706
0.625 0.259375 -32.9719
0.625 0.325 -32.9706
0.3125 0.390625 -32.8859
-0 0.390625 -32.8859
0.3125 0.45625 -29.2004
-0 0.45625 -29.2004
0.625 0.390625 -32.8859
0.625 0.45625 -29.2004
0.3125 0.521875 -24.1494
-0 0.521875 -24.1494
0.3125 0.5875 -19.1296
-0 0.5875 -19.1296
0.625 0.521875 -24.1494
0.625 0.5875 -19.1296
0.3125 0.653125 -14.6025
-0 0.653125 -14.6025
0.3125 0.71875 -10.6617
-0 0.71875 -10.6617
0.625 0.653125 -14.6025
0.625 0.71875 -10.6617
0.3125 0.784375 -7.31936
-0 0.784375 -7.31936
0.3125 0.85 -4.57644
-0 0.85 -4.57644
0.625 0.784375 -7.31937
0.625 0.85 -4.57644
0.9375 -0 -32.9719
0.9375 0.0625 -32.9719
1.25 -0 -32.9719
1.25 0.0625 -32.9719
0.9375 0.19375 -32.9719
1.25 0.19375 -32.9719
0.9375 0.259375 -32.9719
0.9375 0.325 -32.9706
1.25 0.259375 -32.9719
1.25 0.325 -32.9706
0.9375 0.390625 -32.8859
0.9375 0.45625 -29.2004
1.25 0.390625 -32.8859
1.25 0.45625 -29.2005
0.9375 0.521875 -24.1494
0.9375 0.5875 -19.1296
1.25 0.521875 -24.1495
1.25 0.5875 -19.1297
0.9375 0.653125 -14.6025
0.9375 0.71875 -10.6617
1.25 0.653125 -14.6025
1.25 0.71875 -10.6618
0.9375 0.784375 -7.31938
0.9375 0.85 -4.57645
1.25 0.784375 -7.31943
1.25 0.85 -4.5765
0.3125 0.915625 -2.43297
-0 0.915625 -2.43297
0.3125 0.98125 -0.88896
-0 0.98125 -0.888959
0.625 0.915625 -2.43297
0.625 0.98125 -0.888962
0.3125 1.1125 0.400676
-0 1.1125 0.400676
0.625 1.1125 0.400676
0.3125 1.375 0.412061
-0 1.375 0.412061
0.625 1.375 0.412061
0.3125 1.6375 0.412091
-0 1.6375 0.412091
0.625 1.6375 0.412091
0.3125 1.9 0.412091
-0 1.9 0.412091
0.625 1.9 0.412091
0.9375 0.915625 -2.43298
0.9375 0.98125 -0.88897
1.25 0.915625 -2.43302
1.25 0.98125 -0.888997
0.9375 1.1125 0.400676
1.25 1.1125 0.400676
0.9375 1.375 0.412061
1.25 1.375 0.412061
0.9375 1.6375 0.412091
1.25 1.6375 0.412091
0.9375 1.9 0.412091
1.25 1.9 0.412091
1.5625 -0 -32.9719
1.5625 0.0625 -32.9719
1.875 -0 -32.9719
1.875 0.0625 -32.9719
1.5625 0.19375 -32.9719
1.875 0.19375 -32.9719
1.5625 0.259375 -32.9719
1.5625 0.325 -32.9706
1.875 0.259375 -32.9719
1.875 0.325 -32.9706
1.5625 0.390625 -32.8859
1.5625 0.45625 -29.2005
1.875 0.390625 -32.8859
1.875 0.45625 -29.2007
1.5625 0.521875 -24.1496
1.5625 0.5875 -19.1298
1.875 0.521875 -24.1499
1.875 0.5875 -19.1303
1.5625 0.653125 -14.6027
1.5625 0.71875 -10.6619
1.875 0.653125 -14.6032
1.875 0.71875 -10.6625
1.5625 0.784375 -7.3196
1.5625 0.85 -4.57665
1.875 0.784375 -7.32019
1.875 0.85 -4.5772
2.1875 -0 -32.9719
2.1875 0.0625 -32.9719
2.5 -0 -32.9719
2.5 0.0625 -32.9719
2.1875 0.19375 -32.9719
2.5 0.19375 -32.9719
2.1875 0.259375 -32.9719
2.1875 0.325 -32.9706
2.5 0.259375 -32.9719
2.5 0.325 -32.9706
2.1875 0.390625 -32.886
2.1875 0.45625 -29.2013
2.5 0.390625 -32.8862
2.5 0.45625 -29.2035
2.1875 0.521875 -24.151
2.1875 0.5875 -19.1318
2.5 0.521875 -24.1551
2.5 0.5875 -19.1374
2.1875 0.653125 -14.6051
2.1875 0.71875 -10.6646
2.5 0.653125 -14.6117
2.5 0.71875 -10.6718
2.1875 0.784375 -7.32225
2.1875 0.85 -4.5791
2.5 0.784375 -7.32945
2.5 0.85 -4.58574
1.5625 0.915625 -2.43315
1.5625 0.98125 -0.889092
1.875 0.915625 -2.43361
1.875 0.98125 -0.889423
1.5625 1.1125 0.400675
1.875 1.1125 0.400671
1.5625 1.375 0.412061
1.875 1.375 0.412061
1.5625 1.6375 0.412091
1.875 1.6375 0.412091
1.5625 1.9 0.412091
1.875 1.9 0.412091
2.1875 0.915625 -2.4352
2.1875 0.98125 -0.890579
2.5 0.915625 -2.44076
2.5 0.98125 -0.894621
2.1875 1.1125 0.400658
2.5 1.1125 0.400613
2.1875 1.375 0.412061
2.5 1.375 0.412061
2.1875 1.6375 0.412091
2.5 1.6375 0.412091
2.1875 1.9 0.412091
2.5 1.9 0.412091
2.8125 -0 -32.9719
2.8125 0.0625 -32.9719
3.125 -0 -32.9719
3.125 0.0625 -32.9719
2.8125 0.19375 -32.9719
3.125 0.19375 -32.9719
2.8125 0.259375 -32.9719
2.8125 0.325 -32.9706
3.125 0.259375 -32.9719
3.125 0.325 -32.9707
2.8125 0.390625 -32.8869
2.8125 0.45625 -29.2111
3.125 0.390625 -32.8892
3.125 0.45625 -29.2372
2.8125 0.521875 -24.169
2.8125 0.5875 -19.1566
3.125 0.521875 -24.2168
3.125 0.5875 -19.2227
2.8125 0.653125 -14.6347
2.8125 0.71875 -10.6968
3.125 0.653125 -14.7143
3.125 0.71875 -10.7838
2.8125 0.784375 -7.35456
2.8125 0.85 -4.60896
3.125 0.784375 -7.44227
3.125 0.85 -4.69053
3.28125 -0 -32.9719
3.28125 0.0625 -32.9719
3.4375 -0 -32.9719
3.4375 0.0625 -32.9719
3.28125 0.19375 -32.9719
3.4375 0.19375 -32.9719
3.28125 0.259375 -32.9719
3.28125 0.325 -32.9707
3.4375 0.259375 -32.9719
3.4375 0.325 -32.9707
3.59375 -0 -32.9719
3.59375 0.0625 -32.9719
3.67188 -0 -32.9719
3.67188 0.0625 -32.9719
3.75 -0 -32.9719
3.75 0.0625 -32.9719
3.59375 0.19375 -32.9719
3.51562 0.19375 -32.9719
3.51562 0.259375 -32.9719
3.59375 0.259375 -32.9719
3.51562 0.325 -32.9707
3.59375 0.325 -32.9707
3.67188 0.19375 -32.9719
3.75 0.19375 -32.9719
3.67188 0.259375 -32.9719
3.75 0.259375 -32.9719
3.67188 0.325 -32.9707
3.75 0.325 -32.9708
3.28125 0.390625 -32.8922
3.28125 0.45625 -29.2729
3.4375 0.390625 -32.8969
3.4375 0.45625 -29.3372
3.28125 0.521875 -24.2831
3.28125 0.5875 -19.315
3.4375 0.521875 -24.403
3.4375 0.5875 -19.483
3.28125 0.653125 -14.8262
3.28125 0.71875 -10.9073
3.4375 0.653125 -15.0314
3.4375 0.71875 -11.1361
3.28125 0.784375 -7.56822
3.28125 0.85 -4.80914
3.4375 0.784375 -7.80441
3.4375 0.85 -5.0349
3.51562 0.390625 -32.9001
3.59375 0.390625 -32.9039
3.51562 0.45625 -29.3883
3.59375 0.45625 -29.4562
3.51562 0.521875 -24.4991
3.59375 0.521875 -24.6272
3.51562 0.5875 -19.6185
3.59375 0.5875 -19.7996
3.67188 0.390625 -32.9083
3.75 0.390625 -32.9133
3.67188 0.45625 -29.5462
3.75 0.45625 -29.6658
3.67188 0.521875 -24.7974
3.75 0.521875 -25.0233
3.67188 0.5875 -20.0407
3.75 0.5875 -20.3598
3.51562 0.653125 -15.1983
3.59375 0.653125 -15.4224
3.51562 0.71875 -11.3242
3.59375 0.71875 -11.5786
3.51562 0.784375 -8.00172
3.59375 0.784375 -8.27153
3.51562 0.85 -5.22748
3.59375 0.85 -5.49549
3.67188 0.653125 -15.7217
3.75 0.653125 -16.1178
3.67188 0.71875 -11.9206
3.75 0.71875 -12.3755
3.67188 0.784375 -8.63819
3.67188 0.85 -5.86668
3.75 0.784375 -9.13028
3.75 0.85 -6.36193
2.8125 0.915625 -2.46024
2.8125 0.98125 -0.908815
3.125 0.915625 -2.52909
3.125 0.98125 -0.959228
2.8125 1.1125 0.400456
3.125 1.1125 0.399878
2.8125 1.375 0.41206
3.125 1.375 0.412059
2.8125 1.6375 0.412091
3.125 1.6375 0.412091
2.8125 1.9 0.412091
3.125 1.9 0.412091
3.28125 0.915625 -2.63062
3.28125 0.98125 -1.03476
3.4375 0.915625 -2.82737
3.4375 0.98125 -1.18461
3.28125 1.1125 0.397903
3.4375 1.1125 0.385454
3.28125 1.375 0.412064
3.4375 1.24375 0.411805
3.4375 1.375 0.412088
3.51562 0.915625 -2.99946
3.51562 0.98125 -1.31831
3.59375 0.915625 -3.24611
3.59375 0.98125 -1.51552
3.51562 1.1125 0.380082
3.59375 1.1125 0.361965
3.67188 0.915625 -3.60708
3.67188 0.98125 -1.81416
3.75 0.98125 -2.25019
3.67188 1.1125 0.264133
3.75 1.1125 0.00405351
3.51562 1.24375 0.411747
3.59375 1.24375 0.411529
3.51562 1.375 0.412087
3.59375 1.375 0.412083
3.67188 1.24375 0.410401
3.75 1.24375 0.40675
3.67188 1.375 0.412066
3.75 1.375 0.41198
3.28125 1.6375 0.412091
3.4375 1.50625 0.412091
3.4375 1.6375 0.412091
3.28125 1.9 0.412091
3.4375 1.76875 0.412091
3.4375 1.9 0.412091
3.51562 1.44063 0.412091
3.51562 1.50625 0.412091
3.59375 1.44063 0.412091
3.59375 1.50625 0.412091
3.51562 1.57187 0.412091
3.51562 1.6375 0.412091
3.59375 1.57187 0.412091
3.59375 1.6375 0.412091
3.67188 1.44063 0.412089
3.67188 1.50625 0.412091
3.75 1.44063 0.412067
3.75 1.50625 0.412079
3.67188 1.57187 0.412091
3.67188 1.6375 0.412091
3.75 1.57187 0.412086
3.75 1.6375 0.41209
3.59375 1.70312 0.412091
3.59375 1.76875 0.412091
3.67188 1.70312 0.412091
3.67188 1.76875 0.412091
3.75 1.70312 0.412091
3.75 1.76875 0.412091
3.59375 1.9 0.412091
3.67188 1.83437 0.412091
3.67188 1.9 0.412091
3.75 1.83437 0.412091
3.75 1.9 0.412091
3.82812 -0 -32.9719
3.82812 0.0625 -32.9719
3.90625 -0 -32.9721
3.90625 0.0625 -32.9721
3.98438 -0 -32.9727
3.98438 0.0625 -32.9727
4.0625 -0 -32.9739
4.0625 0.0625 -32.9739
3.82812 0.19375 -32.9719
3.90625 0.19375 -32.9721
3.82812 0.259375 -32.9719
3.82812 0.325 -32.9708
3.90625 0.259375 -32.9721
3.90625 0.325 -32.971
3.98438 0.19375 -32.9727
4.0625 0.19375 -32.9739
3.98438 0.259375 -32.9727
3.98438 0.325 -32.9717
4.0625 0.259375 -32.9739
4.0625 0.325 -32.973
4.14062 -0 -32.9746
4.14062 0.0625 -32.9746
4.21875 -0 -32.9641
4.21875 0.0625 -32.9639
4.29688 -0 -32.289
4.29688 0.0625 -32.2501
4.375 -0 -28.8835
4.375 0.0625 -28.8199
4.14062 0.19375 -32.9746
4.21875 0.19375 -32.9624
4.14062 0.259375 -32.9746
4.14062 0.325 -32.9735
4.21875 0.259375 -32.9602
4.21875 0.325 -32.9434
4.29688 0.19375 -31.8852
4.375 0.19375 -28.2404
4.29688 0.259375 -31.4015
4.29688 0.325 -30.5067
4.375 0.259375 -27.5731
4.375 0.325 -26.5302
3.82812 0.390625 -32.919
3.82812 0.45625 -29.8265
3.90625 0.390625 -32.926
3.90625 0.45625 -30.0447
3.82812 0.521875 -25.3228
3.82812 0.5875 -20.7789
3.90625 0.521875 -25.7161
3.90625 0.5875 -21.3198
3.98438 0.390625 -32.9347
3.98438 0.45625 -30.3175
4.0625 0.390625 -32.9419
4.0625 0.45625 -30.5169
3.98438 0.521875 -26.188
3.98438 0.5875 -21.9644
4.0625 0.521875 -26.5561
4.0625 0.5875 -22.5166
3.82812 0.653125 -16.6366
3.82812 0.71875 -12.9737
3.90625 0.653125 -17.2997
3.90625 0.71875 -13.7257
3.82812 0.784375 -9.79552
3.82812 0.85 -7.0511
3.90625 0.85 -7.94798
3.98438 0.653125 -18.1003
3.98438 0.71875 -14.6671
4.0625 0.653125 -18.8399
4.0625 0.71875 -15.5826
3.98438 0.85 -9.05531
4.0625 0.85 -10.1947
4.14062 0.390625 -32.9278
4.14062 0.45625 -30.2586
4.21875 0.390625 -31.8364
4.21875 0.45625 -28.8336
4.14062 0.521875 -26.3809
4.14062 0.5875 -22.5538
4.21875 0.521875 -25.2343
4.21875 0.5875 -21.7921
4.29688 0.390625 -28.7458
4.29688 0.45625 -26.1172
4.375 0.390625 -24.9615
4.375 0.45625 -22.9297
4.29688 0.521875 -23.1802
4.29688 0.5875 -20.3261
4.375 0.521875 -20.679
4.375 0.5875 -18.4137
4.14062 0.653125 -19.1171
4.14062 0.71875 -16.0894
4.21875 0.653125 -18.7017
4.21875 0.71875 -15.9562
4.14062 0.784375 -13.4457
4.14062 0.85 -11.0647
4.21875 0.784375 -13.5194
4.21875 0.85 -11.3491
4.29688 0.653125 -17.6893
4.29688 0.71875 -15.2902
4.375 0.653125 -16.2404
4.375 0.71875 -14.2034
4.29688 0.784375 -13.1209
4.29688 0.85 -11.1705
4.375 0.784375 -12.318
4.375 0.85 -10.5807
4.45312 -0 -24.9857
4.45312 0.0625 -24.9126
4.53125 -0 -21.1518
4.53125 0.0625 -21.0798
4.60938 -0 -17.444
4.60938 0.0625 -17.3789
4.6875 -0 -13.8453
4.6875 0.0625 -13.7895
4.45312 0.19375 -24.2612
4.53125 0.19375 -20.4478
4.45312 0.259375 -23.586
4.45312 0.325 -22.626
4.53125 0.259375 -19.8382
4.53125 0.325 -19.0164
4.60938 0.19375 -16.8128
4.6875 0.19375 -13.3077
4.60938 0.259375 -16.2922
4.60938 0.325 -15.6132
4.6875 0.259375 -12.8763
4.6875 0.325 -12.3333
4.76562 -0 -10.3264
4.76562 0.0625 -10.2809
4.84375 -0 -6.88594
4.84375 0.0625 -6.85087
4.92188 -0 -3.85355
4.92188 0.0625 -3.82815
5 -0 -1.5695
5 0.0625 -1.55296
4.76562 0.19375 -9.88812
4.84375 0.19375 -6.55063
4.76562 0.325 -9.12722
4.84375 0.325 -5.96927
4.92188 0.19375 -3.61123
5 0.19375 -1.41191
4.92188 0.325 -3.19368
5 0.325 -1.14299
4.45312 0.390625 -21.3434
4.45312 0.45625 -19.7821
4.53125 0.390625 -17.9794
4.53125 0.45625 -16.7572
4.45312 0.521875 -18.0531
4.45312 0.5875 -16.267
4.53125 0.521875 -15.4076
4.53125 0.5875 -13.9944
4.60938 0.390625 -14.7804
4.60938 0.45625 -13.8172
4.6875 0.390625 -11.6715
4.6875 0.45625 -10.9195
4.60938 0.521875 -12.7576
4.60938 0.5875 -11.6411
4.6875 0.521875 -10.0938
4.6875 0.5875 -9.22373
4.45312 0.653125 -14.5025
4.45312 0.71875 -12.8075
4.53125 0.653125 -12.5713
4.53125 0.71875 -11.1784
4.45312 0.784375 -11.2106
4.45312 0.85 -9.72686
4.53125 0.784375 -9.84827
4.53125 0.85 -8.62919
4.60938 0.653125 -10.5031
4.60938 0.71875 -9.36593
4.6875 0.653125 -8.33946
4.6875 0.71875 -7.45546
4.6875 0.85 -5.80182
4.76562 0.45625 -8.03185
4.76562 0.5875 -6.73209
4.84375 0.45625 -5.15119
4.84375 0.5875 -4.19391
4.92188 0.45625 -2.61834
4.92188 0.5875 -1.96315
5 0.45625 -0.782773
5 0.5875 -0.400811
4.76562 0.71875 -5.39658
4.76562 0.85 -4.09248
4.84375 0.71875 -3.21142
4.84375 0.85 -2.27169
4.92188 0.71875 -1.3096
4.92188 0.85 -0.707034
5 0.71875 -0.0587165
5 0.85 0.231879
3.82812 0.98125 -2.90549
3.82812 1.1125 -0.449112
3.90625 0.98125 -3.80457
3.90625 1.1125 -1.17006
3.98438 0.98125 -4.95715
3.98438 1.1125 -2.20166
4.0625 0.98125 -6.20237
4.0625 1.1125 -3.39861
3.82812 1.24375 0.385805
3.90625 1.24375 0.116773
3.82812 1.375 0.411091
3.90625 1.375 0.396568
3.98438 1.24375 -0.583577
4.0625 1.24375 -1.5499
3.98438 1.375 0.181071
4.0625 1.375 -0.408148
4.14062 0.915625 -9.03018
4.14062 0.98125 -7.21575
4.21875 0.915625 -9.43887
4.21875 0.98125 -7.74699
4.14062 1.1125 -4.40765
4.21875 1.1125 -5.03295
4.29688 0.915625 -9.44369
4.29688 0.98125 -7.86747
4.375 0.98125 -7.66736
4.375 1.1125 -5.3075
4.14062 1.24375 -2.41624
4.21875 1.24375 -2.9842
4.14062 1.375 -1.00051
4.21875 1.375 -1.39603
4.375 1.24375 -3.34737
4.375 1.375 -1.68782
3.82812 1.44063 0.411766
3.82812 1.50625 0.411929
3.90625 1.44063 0.408262
3.90625 1.50625 0.410683
3.82812 1.57187 0.412027
3.82812 1.6375 0.412074
3.90625 1.57187 0.411589
3.90625 1.6375 0.411958
3.98438 1.44063 0.357514
3.98438 1.50625 0.40147
4.0625 1.44063 0.00678246
4.0625 1.50625 0.31676
3.98438 1.57187 0.409579
3.98438 1.6375 0.411496
4.0625 1.57187 0.401862
4.0625 1.6375 0.410457
3.82812 1.70312 0.412088
3.82812 1.76875 0.412091
3.90625 1.70312 0.412067
3.90625 1.76875 0.412088
3.82812 1.83437 0.412091
3.82812 1.9 0.412091
3.90625 1.83437 0.412091
3.90625 1.9 0.412091
3.98438 1.70312 0.411985
3.98438 1.76875 0.412078
4.0625 1.70312 0.411827
4.0625 1.76875 0.412059
3.98438 1.83437 0.41209
3.98438 1.9 0.412091
4.0625 1.83437 0.412089
4.0625 1.9 0.412091
4.14062 1.44063 -0.40106
4.14062 1.50625 0.119994
4.21875 1.44063 -0.678174
4.21875 1.50625 -0.026014
4.14062 1.57187 0.384554
4.14062 1.6375 0.409281
4.21875 1.57187 0.3659
4.21875 1.6375 0.408443
4.375 1.44063 -0.894197
4.375 1.50625 -0.14984
4.375 1.57187 0.338761
4.375 1.6375 0.4072
4.14062 1.70312 0.41171
4.14062 1.76875 0.412047
4.21875 1.70312 0.411675
4.21875 1.76875 0.412045
4.14062 1.83437 0.412088
4.14062 1.9 0.412091
4.21875 1.83437 0.412087
4.21875 1.9 0.412091
4.375 1.70312 0.411625
4.375 1.76875 0.412043
4.375 1.83437 0.412087
4.375 1.9 0.412091
4.53125 0.98125 -6.43716
4.53125 1.1125 -4.52676
4.6875 0.98125 -4.2676
4.6875 1.1125 -2.95657
4.53125 1.24375 -2.90698
4.53125 1.375 -1.46536
4.6875 1.24375 -1.8365
4.6875 1.375 -0.835528
4.76562 0.98125 -2.92261
4.76562 1.1125 -1.9284
4.84375 0.98125 -1.45148
4.84375 1.1125 -0.778846
4.92188 0.98125 -0.226542
4.92188 1.1125 0.123171
5 0.98125 0.375733
5 1.1125 0.400624
4.76562 1.24375 -1.09636
4.84375 1.24375 -0.250035
4.76562 1.375 -0.383685
4.84375 1.375 0.138474
4.92188 1.24375 0.347516
5 1.24375 0.409083
4.92188 1.375 0.393699
5 1.375 0.410587
4.53125 1.44063 -0.752436
4.53125 1.50625 -0.0748637
4.6875 1.44063 -0.331747
4.6875 1.50625 0.144831
4.53125 1.57187 0.356494
4.53125 1.6375 0.408014
4.6875 1.57187 0.38687
4.6875 1.6375 0.40937
4.53125 1.70312 0.411657
4.53125 1.76875 0.412045
4.6875 1.70312 0.411712
4.6875 1.76875 0.412047
4.53125 1.83437 0.412087
4.53125 1.9 0.412091
4.6875 1.83437 0.412088
4.6875 1.9 0.412091
4.76562 1.44063 -0.0341284
4.76562 1.50625 0.284163
4.84375 1.44063 0.299355
4.84375 1.50625 0.389063
4.76562 1.57187 0.39808
4.76562 1.6375 0.409928
4.84375 1.57187 0.40703
4.84375 1.6375 0.410933
4.92188 1.44063 0.402419
4.92188 1.50625 0.408061
5 1.44063 0.410944
5 1.50625 0.411438
4.92188 1.57187 0.410657
4.92188 1.6375 0.411714
5 1.57187 0.41183
5 1.6375 0.41202
4.76562 1.70312 0.411746
4.76562 1.76875 0.412049
4.84375 1.70312 0.411887
4.84375 1.76875 0.412066
4.76562 1.83437 0.412088
4.76562 1.9 0.412091
4.84375 1.83437 0.412089
4.84375 1.9 0.412091
4.92188 1.70312 0.412023
4.92188 1.76875 0.412083
5 1.70312 0.412078
5 1.76875 0.41209
4.92188 1.83437 0.412091
4.92188 1.9 0.412091
5 1.83437 0.412091
5 1.9 0.412091
0.3125 2.03125 0.412091
-0 2.03125 0.412091
0.625 2.03125 0.412091
0.3125 2.1625 0.41204
-0 2.1625 0.41204
0.625 2.1625 0.41204
0.3125 2.22812 0.410231
-0 2.22812 0.410231
0.3125 2.29375 0.392617
-0 2.29375 0.392617
0.625 2.22812 0.410231
0.625 2.29375 0.392617
0.3125 2.35938 0.294635
-0 2.35938 0.294635
0.3125 2.425 0.0825878
-0 2.425 0.0825878
0.625 2.35938 0.294635
0.625 2.425 0.0825878
0.3125 2.49062 -0.115843
-0 2.49062 -0.115843
0.3125 2.55625 -0.257433
-0 2.55625 -0.257433
0.625 2.49062 -0.115843
0.625 2.55625 -0.257433
0.3125 2.6875 -0.348836
-0 2.6875 -0.348836
0.625 2.6875 -0.348836
0.3125 2.95 -0.355139
-0 2.95 -0.355139
0.625 2.95 -0.355139
0.9375 2.03125 0.412091
1.25 2.03125 0.412091
0.9375 2.1625 0.41204
1.25 2.1625 0.41204
0.9375 2.22812 0.410231
0.9375 2.29375 0.392617
1.25 2.22812 0.410231
1.25 2.29375 0.392617
0.9375 2.35938 0.294635
0.9375 2.425 0.0825878
1.25 2.35938 0.294635
1.25 2.425 0.0825878
0.9375 2.49062 -0.115843
0.9375 2.55625 -0.257433
1.25 2.49062 -0.115843
1.25 2.55625 -0.257433
0.9375 2.6875 -0.348836
1.25 2.6875 -0.348836
0.9375 2.95 -0.355139
1.25 2.95 -0.355139
1.5625 2.03125 0.412091
1.875 2.03125 0.412091
1.5625 2.1625 0.41204
1.875 2.1625 0.41204
1.5625 2.22812 0.410231
1.5625 2.29375 0.392617
1.875 2.22812 0.410231
1.875 2.29375 0.392617
1.5625 2.35938 0.294635
1.5625 2.425 0.0825878
1.875 2.35938 0.294635
1.875 2.425 0.0825878
1.5625 2.49062 -0.115843
1.5625 2.55625 -0.257433
1.875 2.49062 -0.115843
1.875 2.55625 -0.257434
1.5625 2.6875 -0.348836
1.875 2.6875 -0.348836
1.5625 2.95 -0.355139
1.875 2.95 -0.355139
2.1875 2.03125 0.412091
2.5 2.03125 0.412091
2.1875 2.1625 0.41204
2.5 2.1625 0.41204
2.1875 2.22812 0.410231
2.1875 2.29375 0.392617
2.5 2.22812 0.410231
2.5 2.29375 0.392617
2.1875 2.35938 0.294635
2.1875 2.425 0.0825877
2.5 2.35938 0.294635
2.5 2.425 0.082587
2.1875 2.49062 -0.115843
2.1875 2.55625 -0.257434
2.5 2.49062 -0.115844
2.5 2.55625 -0.257434
2.1875 2.6875 -0.348836
2.5 2.6875 -0.348836
2.1875 2.95 -0.355139
2.5 2.95 -0.355139
2.8125 2.03125 0.412091
3.125 2.03125 0.412091
2.8125 2.1625 0.41204
3.125 2.1625 0.41204
2.8125 2.22812 0.410231
2.8125 2.29375 0.392617
3.125 2.22812 0.410231
3.125 2.29375 0.392616
2.8125 2.35938 0.294632
2.8125 2.425 0.0825819
3.125 2.35938 0.294616
3.125 2.425 0.0825473
2.8125 2.49062 -0.115851
2.8125 2.55625 -0.257441
3.125 2.49062 -0.1159
3.125 2.55625 -0.257498
2.8125 2.6875 -0.348837
3.125 2.6875 -0.348871
2.8125 2.95 -0.355139
3.125 2.95 -0.35514
3.28125 2.03125 0.412091
3.4375 2.03125 0.412091
3.28125 2.1625 0.41204
3.4375 2.1625 0.41204
3.59375 2.03125 0.412091
3.75 2.03125 0.412091
3.59375 2.1625 0.41204
3.75 2.1625 0.412039
3.28125 2.22812 0.41023
3.4375 2.22812 0.41023
3.28125 2.29375 0.392614
3.4375 2.29375 0.392614
3.59375 2.22812 0.41023
3.75 2.22812 0.41023
3.59375 2.29375 0.392613
3.75 2.29375 0.392614
3.28125 2.35938 0.294593
3.4375 2.35938 0.294595
3.28125 2.425 0.0824922
3.4375 2.425 0.0825021
3.59375 2.35938 0.294585
3.75 2.35938 0.294592
3.59375 2.425 0.0824753
3.75 2.425 0.0824965
3.28125 2.49062 -0.116004
3.4375 2.49062 -0.115968
3.28125 2.55625 -0.257684
3.4375 2.55625 -0.25758
3.59375 2.49062 -0.116026
3.75 2.49062 -0.115975
3.59375 2.55625 -0.257707
3.75 2.55625 -0.257587
3.28125 2.6875 -0.349463
3.4375 2.6875 -0.34893
3.59375 2.6875 -0.349468
3.75 2.6875 -0.348931
3.4375 2.95 -0.355141
3.75 2.95 -0.355141
3.82812 1.96562 0.412091
3.82812 2.03125 0.412091
3.90625 1.96562 0.412091
3.90625 2.03125 0.412091
3.98438 1.96562 0.412091
3.98438 2.03125 0.412091
4.0625 1.96562 0.412091
4.0625 2.03125 0.412091
4.14062 1.96562 0.412091
4.14062 2.03125 0.412091
4.21875 1.96562 0.412091
4.21875 2.03125 0.412091
4.375 1.96562 0.412091
4.375 2.03125 0.412091
3.90625 2.1625 0.412037
4.0625 2.1625 0.412037
4.21875 2.1625 0.412039
4.375 2.1625 0.41204
3.90625 2.22812 0.41023
4.0625 2.22812 0.41023
3.90625 2.29375 0.392613
4.0625 2.29375 0.392614
4.21875 2.22812 0.41023
4.375 2.22812 0.41023
4.21875 2.29375 0.392613
4.375 2.29375 0.392614
3.90625 2.35938 0.294584
4.0625 2.35938 0.294592
3.90625 2.425 0.0824735
4.0625 2.425 0.0824959
4.21875 2.35938 0.294584
4.375 2.35938 0.294592
4.21875 2.425 0.0824733
4.375 2.425 0.0824958
3.90625 2.49062 -0.116028
4.0625 2.49062 -0.115975
3.90625 2.55625 -0.257709
4.0625 2.55625 -0.257587
4.21875 2.49062 -0.116029
4.375 2.49062 -0.115976
4.21875 2.55625 -0.257709
4.375 2.55625 -0.257587
3.90625 2.6875 -0.349468
4.0625 2.6875 -0.348931
4.21875 2.6875 -0.349468
4.375 2.6875 -0.348931
4.0625 2.95 -0.355141
4.375 2.95 -0.355141
4.53125 1.96562 0.412091
4.53125 2.03125 0.412091
4.6875 1.96562 0.412091
4.6875 2.03125 0.412091
4.76562 1.96562 0.412091
4.76562 2.03125 0.412091
4.84375 1.96562 0.412091
4.84375 2.03125 0.412091
4.92188 1.96562 0.412091
4.92188 2.03125 0.412091
5 1.96562 0.412091
5 2.03125 0.412091
4.53125 2.1625 0.41204
4.6875 2.1625 0.412039
4.84375 2.1625 0.412037
5 2.1625 0.412037
4.53125 2.22812 0.41023
4.6875 2.22812 0.41023
4.53125 2.29375 0.392613
4.6875 2.29375 0.392614
4.84375 2.22812 0.41023
5 2.22812 0.41023
4.84375 2.29375 0.392613
5 2.29375 0.392613
4.53125 2.35938 0.294584
4.6875 2.35938 0.294591
4.53125 2.425 0.0824731
4.6875 2.425 0.0824954
4.84375 2.35938 0.294583
5 2.35938 0.294589
4.84375 2.425 0.0824716
5 2.425 0.0824904
4.53125 2.49062 -0.116029
4.6875 2.49062 -0.115976
4.53125 2.55625 -0.257709
4.6875 2.55625 -0.257588
4.84375 2.49062 -0.116031
5 2.49062 -0.115982
4.84375 2.55625 -0.25771
5 2.55625 -0.257593
4.53125 2.6875 -0.349468
4.6875 2.6875 -0.348931
4.84375 2.6875 -0.349468
5 2.6875 -0.348932
4.6875 2.95 -0.355141
5 2.95 -0.355141
0.3125 3.2125 -0.355285
-0 3.2125 -0.355285
0.3125 3.475 -0.355289
-0 3.475 -0.355289
0.625 3.2125 -0.355285
0.625 3.475 -0.355289
0.9375 3.2125 -0.355285
0.9375 3.475 -0.355289
1.25 3.2125 -0.355285
1.25 3.475 -0.355289
1.5625 3.2125 -0.355285
1.5625 3.475 -0.355289
1.875 3.2125 -0.355285
1.875 3.475 -0.355289
2.1875 3.2125 -0.355285
2.1875 3.475 -0.355289
2.5 3.2125 -0.355285
2.5 3.475 -0.355289
2.8125 3.2125 -0.355285
2.8125 3.475 -0.355289
3.125 3.2125 -0.355285
3.125 3.475 -0.355289
3.4375 3.2125 -0.355285
3.4375 3.475 -0.355289
3.75 3.2125 -0.355285
3.75 3.475 -0.355289
4.0625 3.2125 -0.355285
4.0625 3.475 -0.355289
4.375 3.2125 -0.355285
4.375 3.475 -0.355289
4.6875 3.2125 -0.355285
4.6875 3.475 -0.355289
5 3.2125 -0.355285
5 3.475 -0.355289
0.3125 3.7375 -0.355289
-0 3.7375 -0.355289
0.3125 4 -0.355289
0.625 3.7375 -0.355289
0.625 4 -0.355289
0.9375 3.7375 -0.355289
0.9375 4 -0.355289
1.25 3.7375 -0.355289
1.25 4 -0.355289
1.5625 3.7375 -0.355289
1.5625 4 -0.355289
1.875 3.7375 -0.355289
1.875 4 -0.355289
2.1875 3.7375 -0.355289
2.1875 4 -0.355289
2.5 3.7375 -0.355289
2.5 4 -0.355289
2.8125 3.7375 -0.355289
2.8125 4 -0.355289
3.125 3.7375 -0.355289
3.125 4 -0.355289
3.4375 3.7375 -0.355289
3.4375 4 -0.355289
3.75 3.7375 -0.355289
3.75 4 -0.355289
4.0625 3.7375 -0.355289
4.0625 4 -0.355289
4.375 3.7375 -0.355289
4.375 4 -0.355289
4.6875 3.7375 -0.355289
4.6875 4 -0.355289
5 3.7375 -0.355289
5 4 -0.355289
5.07812 -0 -0.154582
5.07812 0.0625 -0.146246
5.15625 -0 0.387822
5.15625 0.0625 0.388368
5.23438 -0 0.411387
5.23438 0.0625 0.411403
5.3125 -0 0.412071
5.3125 0.0625 0.412071
5.07812 0.19375 -0.0753361
5.07812 0.325 0.057909
5.15625 0.19375 0.392688
5.15625 0.325 0.399412
5.23438 0.19375 0.411529
5.3125 0.19375 0.412074
5.23438 0.325 0.411725
5.3125 0.325 0.41208
5.39062 -0 0.412094
5.39062 0.0625 0.412094
5.46875 -0 0.412207
5.46875 0.0625 0.412206
5.54688 -0 0.416105
5.54688 0.0625 0.416092
5.625 -0 0.493173
5.625 0.0625 0.493166
5.39062 0.128125 0.412093
5.39062 0.19375 0.412092
5.46875 0.128125 0.412193
5.46875 0.19375 0.412136
5.39062 0.259375 0.412091
5.39062 0.325 0.412091
5.46875 0.259375 0.412099
5.46875 0.325 0.412092
5.54688 0.128125 0.415693
5.54688 0.19375 0.413596
5.625 0.128125 0.489209
5.625 0.19375 0.452866
5.54688 0.259375 0.412296
5.54688 0.325 0.412106
5.625 0.259375 0.417245
5.625 0.325 0.412355
5.07812 0.45625 0.227655
5.07812 0.5875 0.35822
5.15625 0.45625 0.406174
5.15625 0.5875 0.41046
5.23438 0.45625 0.41192
5.23438 0.5875 0.412043
5.3125 0.45625 0.412088
5.3125 0.5875 0.41209
5.07812 0.71875 0.392981
5.07812 0.85 0.406144
5.15625 0.71875 0.411525
5.15625 0.85 0.411913
5.23438 0.71875 0.412075
5.23438 0.85 0.412086
5.3125 0.71875 0.412091
5.3125 0.85 0.412091
5.46875 0.390625 0.412091
5.46875 0.45625 0.412091
5.54688 0.390625 0.412092
5.54688 0.45625 0.412091
5.625 0.390625 0.412103
5.625 0.45625 0.412092
5.46875 0.5875 0.412091
5.625 0.5875 0.412091
5.46875 0.85 0.412091
5.625 0.85 0.412091
5.70312 -0 0.548887
5.70312 0.0625 0.548887
5.78125 0.0625 0.552591
5.9375 -0 0.552592
5.9375 0.0625 0.552592
5.70312 0.128125 0.547622
5.70312 0.19375 0.525351
5.78125 0.128125 0.552154
5.78125 0.19375 0.538159
5.70312 0.259375 0.449566
5.70312 0.325 0.413994
5.78125 0.259375 0.465637
5.78125 0.325 0.415094
5.9375 0.128125 0.552154
5.9375 0.19375 0.538159
5.9375 0.259375 0.465649
5.9375 0.325 0.415099
6.01562 -0 0.550554
6.01562 0.0625 0.550554
6.09375 -0 0.508188
6.09375 0.0625 0.508184
6.17188 -0 0.419056
6.17188 0.0625 0.419033
6.25 -0 0.411665
6.25 0.0625 0.411657
6.01562 0.128125 0.549563
6.01562 0.19375 0.530012
6.09375 0.128125 0.504259
6.09375 0.19375 0.465725
6.01562 0.259375 0.454562
6.01562 0.325 0.414298
6.09375 0.259375 0.419803
6.09375 0.325 0.412475
6.17188 0.128125 0.418275
6.17188 0.19375 0.414472
6.25 0.128125 0.41167
6.25 0.19375 0.411519
6.17188 0.259375 0.412399
6.17188 0.325 0.412095
6.25 0.259375 0.411523
6.25 0.325 0.411426
5.70312 0.390625 0.412167
5.70312 0.45625 0.412093
5.78125 0.390625 0.412211
5.78125 0.45625 0.412095
5.9375 0.390625 0.412211
5.9375 0.45625 0.412095
5.78125 0.5875 0.412091
5.9375 0.5875 0.412091
5.9375 0.85 0.412091
6.01562 0.390625 0.412179
6.01562 0.45625 0.412094
6.09375 0.390625 0.412108
6.09375 0.45625 0.412091
6.09375 0.5875 0.412091
6.09375 0.85 0.412091
6.17188 0.390625 0.412076
6.17188 0.45625 0.412073
6.25 0.45625 0.411438
6.17188 0.5875 0.412073
6.25 0.5875 0.411463
6.17188 0.85 0.412073
6.25 0.85 0.411466
5.07812 0.98125 0.410892
5.07812 1.1125 0.411664
5.15625 0.98125 0.412051
5.15625 1.1125 0.412074
5.23438 0.98125 0.41209
5.23438 1.1125 0.412091
5.3125 0.98125 0.412091
5.3125 1.1125 0.412091
5.07812 1.24375 0.411913
5.15625 1.24375 0.412082
5.07812 1.375 0.411958
5.15625 1.375 0.412083
5.23438 1.24375 0.412091
5.3125 1.24375 0.412091
5.23438 1.375 0.412091
5.3125 1.375 0.412091
5.46875 1.1125 0.412091
5.625 1.1125 0.412091
5.46875 1.24375 0.412091
5.46875 1.375 0.412091
5.625 1.375 0.412091
5.07812 1.44063 0.411977
5.07812 1.50625 0.412022
5.15625 1.44063 0.412084
5.15625 1.50625 0.412087
5.07812 1.57187 0.412063
5.07812 1.6375 0.412083
5.15625 1.57187 0.412089
5.15625 1.6375 0.412091
5.07812 1.70312 0.41209
5.07812 1.76875 0.412091
5.15625 1.70312 0.412091
5.15625 1.76875 0.412091
5.07812 1.83437 0.412091
5.07812 1.9 0.412091
5.15625 1.83437 0.412091
5.15625 1.9 0.412091
5.23438 1.44063 0.412091
5.23438 1.50625 0.412091
5.3125 1.44063 0.412091
5.3125 1.50625 0.412091
5.23438 1.57187 0.412091
5.23438 1.6375 0.412091
5.3125 1.57187 0.412091
5.3125 1.6375 0.412091
5.23438 1.70312 0.412091
5.23438 1.76875 0.412091
5.3125 1.70312 0.412091
5.3125 1.76875 0.412091
5.23438 1.83437 0.412091
5.23438 1.9 0.412091
5.3125 1.9 0.412091
5.46875 1.50625 0.412091
5.625 1.50625 0.412091
5.46875 1.6375 0.412091
5.625 1.6375 0.412091
5.46875 1.76875 0.412091
5.625 1.76875 0.412091
5.46875 1.9 0.412091
5.625 1.9 0.412091
5.9375 1.1125 0.412091
5.9375 1.375 0.412091
6.09375 1.1125 0.412091
6.09375 1.375 0.412091
6.17188 1.1125 0.412073
6.25 1.1125 0.411466
6.17188 1.375 0.412073
6.25 1.375 0.411466
5.9375 1.6375 0.412091
5.9375 1.9 0.412091
6.09375 1.6375 0.412091
6.09375 1.9 0.412091
6.17188 1.6375 0.412073
6.25 1.6375 0.411465
6.17188 1.9 0.412073
6.25 1.9 0.411456
6.32812 -0 0.39504
6.32812 0.0625 0.394735
6.40625 -0 0.272853
6.40625 0.0625 0.272586
6.32812 0.19375 0.394446
6.32812 0.325 0.394769
6.40625 0.19375 0.27096
6.40625 0.325 0.271871
6.48438 -0 0.0127717
6.48438 0.0625 0.0121759
6.5625 -0 -0.198713
6.5625 0.0625 -0.199888
6.48438 0.19375 0.00756817
6.48438 0.325 0.010461
6.5625 0.19375 -0.211746
6.5625 0.325 -0.202562
6.71875 -0 -0.343757
6.71875 0.0625 -0.343611
6.71875 0.325 -0.343563
6.875 -0 -0.354789
6.875 0.0625 -0.354786
6.875 0.325 -0.354783
6.32812 0.45625 0.395019
6.32812 0.5875 0.39515
6.40625 0.45625 0.271757
6.40625 0.5875 0.274215
6.32812 0.85 0.395252
6.40625 0.85 0.276148
6.48438 0.45625 0.00869134
6.48438 0.5875 0.0151104
6.5625 0.45625 -0.210541
6.5625 0.5875 -0.1962
6.48438 0.85 0.0189795
6.5625 0.85 -0.191169
6.71875 0.5875 -0.343467
6.71875 0.85 -0.343252
6.875 0.5875 -0.354779
6.875 0.85 -0.35477
7.1875 -0 -0.35528
7.1875 0.0625 -0.35528
7.1875 0.325 -0.35528
7.5 -0 -0.355289
7.5 0.0625 -0.355289
7.5 0.325 -0.355289
7.1875 0.5875 -0.35528
7.1875 0.85 -0.35528
7.5 0.5875 -0.355289
7.5 0.85 -0.355289
6.32812 1.1125 0.395272
6.40625 1.1125 0.276507
6.32812 1.375 0.395266
6.40625 1.375 0.27641
6.48438 1.1125 0.0196422
6.5625 1.1125 -0.190414
6.48438 1.375 0.0194714
6.5625 1.375 -0.190597
6.71875 1.1125 -0.343182
6.71875 1.375 -0.343201
6.875 1.1125 -0.354767
6.875 1.375 -0.354768
6.32812 1.6375 0.395215
6.40625 1.6375 0.275453
6.32812 1.9 0.394917
6.40625 1.9 0.269902
6.48438 1.6375 0.0177787
6.5625 1.6375 -0.192444
6.48438 1.9 0.00798989
6.5625 1.9 -0.203488
6.71875 1.6375 -0.34339
6.71875 1.9 -0.34447
6.875 1.6375 -0.354776
6.875 1.9 -0.354825
7.1875 1.1125 -0.35528
7.1875 1.375 -0.35528
7.5 1.1125 -0.355289
7.5 1.375 -0.355289
7.1875 1.6375 -0.35528
7.1875 1.9 -0.355281
7.5 1.6375 -0.355289
7.5 1.9 -0.355289
5.07812 1.96562 0.412091
5.07812 2.03125 0.412091
5.15625 2.03125 0.412091
5.3125 2.03125 0.412091
5.46875 2.03125 0.412091
5.625 2.03125 0.412091
5.15625 2.1625 0.412039
5.3125 2.1625 0.41204
5.46875 2.1625 0.41204
5.625 2.1625 0.41204
5.15625 2.22812 0.41023
5.3125 2.22812 0.41023
5.15625 2.29375 0.392612
5.3125 2.29375 0.392611
5.46875 2.22812 0.41023
5.625 2.22812 0.410229
5.46875 2.29375 0.392605
5.625 2.29375 0.392585
5.15625 2.35938 0.294574
5.3125 2.35938 0.29456
5.15625 2.425 0.0824553
5.3125 2.425 0.0824368
5.46875 2.35938 0.294479
5.625 2.35938 0.294236
5.46875 2.425 0.0822778
5.625 2.425 0.0818393
5.15625 2.49062 -0.11605
5.3125 2.49062 -0.116045
5.15625 2.55625 -0.257727
5.3125 2.55625 -0.257648
5.46875 2.49062 -0.116258
5.625 2.49062 -0.116731
5.46875 2.55625 -0.257907
5.625 2.55625 -0.258222
5.15625 2.6875 -0.349469
5.3125 2.6875 -0.348936
5.46875 2.6875 -0.34948
5.625 2.6875 -0.348932
5.3125 2.95 -0.355141
5.625 2.95 -0.355142
5.9375 2.03125 0.412091
5.9375 2.1625 0.41204
5.9375 2.22812 0.410221
5.9375 2.29375 0.392386
5.9375 2.35938 0.291762
5.9375 2.425 0.0774042
6.09375 2.03125 0.41209
6.09375 2.1625 0.412038
6.17188 2.03125 0.412072
6.25 2.03125 0.411435
6.17188 2.1625 0.412015
6.25 2.1625 0.411295
6.09375 2.22812 0.410184
6.09375 2.29375 0.391567
6.17188 2.22812 0.410072
6.25 2.22812 0.408714
6.17188 2.29375 0.38978
6.25 2.29375 0.38093
6.09375 2.35938 0.281992
6.09375 2.425 0.061687
6.17188 2.35938 0.264775
6.25 2.35938 0.222606
6.17188 2.425 0.0389412
6.25 2.425 -0.00535023
5.9375 2.49062 -0.12175
5.9375 2.55625 -0.262449
6.09375 2.49062 -0.138
6.09375 2.55625 -0.275233
6.17188 2.49062 -0.158075
6.25 2.49062 -0.190092
6.17188 2.55625 -0.28985
6.25 2.55625 -0.30455
5.9375 2.6875 -0.349275
6.09375 2.6875 -0.350812
6.25 2.6875 -0.35218
5.9375 2.95 -0.355156
6.25 2.95 -0.355218
6.32812 2.03125 0.394232
6.40625 2.03125 0.257583
6.32812 2.1625 0.391893
6.40625 2.1625 0.225599
6.48438 2.03125 -0.012567
6.5625 2.03125 -0.230455
6.48438 2.1625 -0.0487231
6.5625 2.1625 -0.250025
6.32812 2.22812 0.380165
6.32812 2.29375 0.300747
6.40625 2.22812 0.173656
6.40625 2.29375 0.0712062
6.48438 2.22812 -0.0946231
6.48438 2.29375 -0.159378
6.5625 2.29375 -0.308037
6.32812 2.35938 0.110307
6.32812 2.425 -0.0912174
6.40625 2.35938 -0.071667
6.40625 2.425 -0.206615
6.48438 2.35938 -0.237038
6.48438 2.425 -0.303046
6.5625 2.425 -0.341498
6.71875 2.1625 -0.348297
6.875 2.1625 -0.35499
6.71875 2.425 -0.353931
6.875 2.425 -0.355227
6.32812 2.49062 -0.24124
6.40625 2.49062 -0.301857
6.32812 2.55625 -0.325403
6.40625 2.55625 -0.341562
6.40625 2.6875 -0.354255
6.5625 2.55625 -0.353018
6.5625 2.6875 -0.355108
6.5625 2.95 -0.355279
6.71875 2.6875 -0.355232
6.875 2.6875 -0.355285
6.875 2.95 -0.355288
7.1875 2.1625 -0.355284
7.1875 2.425 -0.355288
7.5 2.1625 -0.355289
7.5 2.425 -0.355289
7.1875 2.6875 -0.355289
7.1875 2.95 -0.355289
7.5 2.6875 -0.355289
7.5 2.95 -0.355289
5.3125 3.2125 -0.355285
5.3125 3.475 -0.355289
5.625 3.2125 -0.355285
5.625 3.475 -0.355289
5.9375 3.2125 -0.355286
5.9375 3.475 -0.355289
6.25 3.2125 -0.355287
6.25 3.475 -0.355289
6.5625 3.2125 -0.355289
6.5625 3.475 -0.355289
6.875 3.2125 -0.355289
6.875 3.475 -0.355289
7.1875 3.2125 -0.355289
7.1875 3.475 -0.355289
7.5 3.2125 -0.355289
7.5 3.475 -0.355289
5.3125 3.7375 -0.355289
5.3125 4 -0.355289
5.625 3.7375 -0.355289
5.625 4 -0.355289
5.9375 3.7375 -0.355289
5.9375 4 -0.355289
6.25 3.7375 -0.355289
6.25 4 -0.355289
6.5625 3.7375 -0.355289
6.5625 4 -0.355289
6.875 3.7375 -0.355289
6.875 4 -0.355289
7.1875 3.7375 -0.355289
7.1875 4 -0.355289
7.5 3.7375 -0.355289
7.5 4 -0.355289
7.8125 -0 -0.355289
7.8125 0.0625 -0.355289
7.8125 0.325 -0.355289
8.125 -0 -0.355289
8.125 0.0625 -0.355289
8.125 0.325 -0.355289
7.8125 0.5875 -0.355289
7.8125 0.85 -0.355289
8.125 0.5875 -0.355289
8.125 0.85 -0.355289
8.4375 -0 -0.355289
8.4375 0.0625 -0.355289
8.4375 0.325 -0.355289
8.75 -0 -0.355289
8.75 0.0625 -0.355289
8.75 0.325 -0.355289
8.4375 0.5875 -0.355289
8.4375 0.85 -0.355289
8.75 0.5875 -0.355289
8.75 0.85 -0.355289
7.8125 1.1125 -0.355289
7.8125 1.375 -0.355289
8.125 1.1125 -0.355289
8.125 1.375 -0.355289
7.8125 1.6375 -0.355289
7.8125 1.9 -0.355289
8.125 1.6375 -0.355289
8.125 1.9 -0.355289
8.4375 1.1125 -0.355289
8.4375 1.375 -0.355289
8.75 1.1125 -0.355289
8.75 1.375 -0.355289
8.4375 1.6375 -0.355289
8.4375 1.9 -0.355289
8.75 1.6375 -0.355289
8.75 1.9 -0.355289
9.0625 -0 -0.355289
9.0625 0.0625 -0.355289
9.0625 0.325 -0.355289
9.375 -0 -0.355289
9.375 0.0625 -0.355289
9.375 0.325 -0.355289
9.0625 0.5875 -0.355289
9.0625 0.85 -0.355289
9.375 0.5875 -0.355289
9.375 0.85 -0.355289
9.0625 1.1125 -0.355289
9.0625 1.375 -0.355289
9.375 1.1125 -0.355289
9.375 1.375 -0.355289
9.0625 1.6375 -0.355289
9.0625 1.9 -0.355289
9.375 1.6375 -0.355289
9.375 1.9 -0.355289
9.6875 -0 -0.355289
9.6875 0.0625 -0.355289
9.6875 0.325 -0.355289
10 -0 -0.355289
10 0.0625 -0.355289
10 0.325 -0.355289
9.6875 0.5875 -0.355289
9.6875 0.85 -0.355289
10 0.5875 -0.355289
10 0.85 -0.355289
9.6875 1.1125 -0.355289
9.6875 1.375 -0.355289
10 1.1125 -0.355289
10 1.375 -0.355289
9.6875 1.6375 -0.355289
9.6875 1.9 -0.355289
10 1.6375 -0.355289
10 1.9 -0.355289
7.8125 2.1625 -0.355289
7.8125 2.425 -0.355289
8.125 2.1625 -0.355289
8.125 2.425 -0.355289
7.8125 2.6875 -0.355289
7.8125 2.95 -0.355289
8.125 2.6875 -0.355289
8.125 2.95 -0.355289
8.4375 2.1625 -0.355289
8.4375 2.425 -0.355289
8.75 2.1625 -0.355289
8.75 2.425 -0.355289
8.4375 2.6875 -0.355289
8.4375 2.95 -0.355289
8.75 2.6875 -0.355289
8.75 2.95 -0.355289
7.8125 3.2125 -0.355289
7.8125 3.475 -0.355289
8.125 3.2125 -0.355289
8.125 3.475 -0.355289
8.4375 3.2125 -0.355289
8.4375 3.475 -0.355289
8.75 3.2125 -0.355289
8.75 3.475 -0.355289
7.8125 3.7375 -0.355289
7.8125 4 -0.355289
8.125 3.7375 -0.355289
8.125 4 -0.355289
8.4375 3.7375 -0.355289
8.4375 4 -0.355289
8.75 3.7375 -0.355289
8.75 4 -0.355289
9.0625 2.1625 -0.355289
9.0625 2.425 -0.355289
9.375 2.1625 -0.355289
9.375 2.425 -0.355289
9.0625 2.6875 -0.355289
9.0625 2.95 -0.355289
9.375 2.6875 -0.355289
9.375 2.95 -0.355289
9.6875 2.1625 -0.355289
9.6875 2.425 -0.355289
10 2.1625 -0.355289
10 2.425 -0.355289
9.6875 2.6875 -0.355289
9.6875 2.95 -0.355289
10 2.6875 -0.355289
10 2.95 -0.355289
9.0625 3.2125 -0.355289
9.0625 3.475 -0.355289
9.375 3.2125 -0.355289
9.375 3.475 -0.355289
9.0625 3.7375 -0.355289
9.0625 4 -0.355289
9.375 3.7375 -0.355289
9.375 4 -0.355289
9.6875 3.2125 -0.355289
9.6875 3.475 -0.355289
10 3.2125 -0.355289
10 3.475 -0.355289
9.6875 3.7375 -0.355289
9.6875 4 -0.355289
10 3.7375 -0.355289
-0 -0 -32.9719
0.1 -0 -32.9719
5.765 -0 0.552592
5.965 -0 0.552592
10 4 -0.355289
-0 4 -0.355289
0.1 0.0625 -32.9719
