0.625 -0 0
0.625 0.0625 0
-0 0.0625 0
1.25 -0 0
1.25 0.0625 0
0.625 0.19375 0
-0 0.19375 0
1.25 0.19375 0
0.625 0.259375 0
-0 0.259375 0
1.25 0.259375 0
0.625 0.325 0
-0 0.325 0
1.25 0.325 0
0.625 0.357812 0
-0 0.357812 0
0.625 0.390625 0
-0 0.390625 0
1.25 0.357812 0
1.25 0.390625 0
0.625 0.423437 12796.7
-0 0.423437 12799.1
0.625 0.45625 47849.4
-0 0.45625 47854.7
1.25 0.423437 12793.3
1.25 0.45625 47842.1
0.625 0.489062 83044.8
-0 0.489062 83050
0.625 0.521875 95829.9
-0 0.521875 95833.2
1.25 0.489062 83037.7
1.25 0.521875 95825.4
0.625 0.554687 91065.3
-0 0.554687 91067.9
0.625 0.5875 77760.7
-0 0.5875 77762.7
1.25 0.554687 91062.1
1.25 0.5875 77758.4
0.625 0.620312 60080.7
-0 0.620312 60082.6
0.625 0.653125 42335.2
-0 0.653125 42336.7
1.25 0.620312 60078.8
1.25 0.653125 42333.8
0.625 0.685937 26267.4
-0 0.685937 26268.6
0.625 0.71875 13645.3
-0 0.71875 13646.1
1.25 0.685937 26266.4
1.25 0.71875 13644.7
0.625 0.751563 5347.98
-0 0.751563 5348.41
0.625 0.784375 1324.08
-0 0.784375 1324.24
1.25 0.751563 5347.72
1.25 0.784375 1323.99
0.625 0.817187 143.88
-0 0.817187 143.91
0.625 0.85 2.17898
-0 0.85 2.17926
1.25 0.817187 143.862
1.25 0.85 2.17963
0.625 0.882812 0.000938217
-0 0.882812 0.000953275
0.625 0.915625 0
-0 0.915625 0
1.25 0.882812 0.000918214
1.25 0.915625 0
0.625 0.948437 0
-0 0.948437 0
0.625 0.98125 0
-0 0.98125 0
1.25 0.948437 0
1.25 0.98125 0
0.625 1.01406 0
-0 1.01406 0
0.625 1.04688 0
-0 1.04688 0
1.25 1.01406 0
1.25 1.04688 0
0.625 1.1125 0
-0 1.1125 0
1.25 1.1125 0
0.625 1.24375 0
-0 1.24375 0
1.25 1.24375 0
0.625 1.375 0
-0 1.375 0
1.25 1.375 0
0.625 1.6375 0
-0 1.6375 0
1.25 1.6375 0
0.625 1.9 0
-0 1.9 0
1.25 1.9 0
1.875 -0 0
1.875 0.0625 0
2.5 -0 0
2.5 0.0625 0
1.875 0.19375 0
2.5 0.19375 0
1.875 0.259375 0
2.5 0.259375 0
1.875 0.325 0
2.5 0.325 0
1.875 0.357812 0
1.875 0.390625 0
2.5 0.357812 0
2.5 0.390625 0
1.875 0.423437 12784.6
1.875 0.45625 47827.1
2.5 0.423437 12707.7
2.5 0.45625 47712.7
1.875 0.489062 83023.4
1.875 0.521875 95815
2.5 0.489062 82913.4
2.5 0.521875 95723.3
1.875 0.554687 91054.9
1.875 0.5875 77753.4
2.5 0.554687 90984.1
2.5 0.5875 77705.1
1.875 0.620312 60075.8
1.875 0.653125 42332.6
2.5 0.620312 60050.4
2.5 0.653125 42327.7
1.875 0.685937 26266.5
1.875 0.71875 13645.5
2.5 0.685937 26276.5
2.5 0.71875 13661.1
1.875 0.751563 5348.37
1.875 0.784375 1324.22
2.5 0.751563 5360.19
2.5 0.784375 1328.48
1.875 0.817187 143.888
1.875 0.85 2.1829
2.5 0.817187 144.443
2.5 0.85 2.20452
1.875 0.882812 0.000880937
1.875 0.915625 0
2.5 0.882812 0.000843775
2.5 0.915625 0
1.875 0.948437 0
1.875 0.98125 0
2.5 0.948437 0
2.5 0.98125 0
1.875 1.01406 0
1.875 1.04688 0
2.5 1.01406 0
2.5 1.04688 0
1.875 1.1125 0
2.5 1.1125 0
1.875 1.24375 0
2.5 1.17813 0
2.5 1.24375 0
1.875 1.375 0
2.5 1.375 0
1.875 1.6375 0
2.5 1.6375 0
1.875 1.9 0
2.5 1.9 0
3.125 -0 0
3.125 0.0625 0
3.125 0.19375 0
3.125 0.259375 0
3.125 0.325 0
3.125 0.357812 0
3.125 0.390625 0
3.125 0.423437 12324.5
3.125 0.45625 47047.9
3.125 0.489062 82233.8
3.125 0.521875 95132
3.125 0.554687 90511.8
3.125 0.5875 77370
3.125 0.620312 59859.2
3.125 0.653125 42271.1
3.125 0.685937 26323
3.125 0.71875 13756.4
3.125 0.751563 5442.41
3.125 0.784375 1364.96
3.125 0.817187 151.139
3.125 0.85 2.44523
3.4375 -0 0
3.4375 0.0625 0
3.4375 0.19375 0
3.4375 0.259375 0
3.4375 0.325 0
3.59375 -0 0
3.59375 0.0625 0
3.75 -0 0
3.75 0.0625 0
3.59375 0.19375 0
3.59375 0.259375 0
3.59375 0.325 0
3.75 0.19375 0
3.67188 0.19375 0
3.67188 0.259375 0
3.75 0.259375 0
3.67188 0.325 0
3.75 0.325 0
3.4375 0.357812 0
3.4375 0.390625 0
3.4375 0.423437 10988.6
3.4375 0.45625 44373.3
3.4375 0.489062 79365.7
3.4375 0.521875 92575.2
3.4375 0.554687 88422.3
3.4375 0.5875 75833.7
3.4375 0.620312 58919.7
3.4375 0.653125 41906.4
3.4375 0.685937 26423.8
3.4375 0.71875 14115.1
3.4375 0.751563 5801.02
3.4375 0.784375 1552.08
3.4375 0.817187 194.028
3.4375 0.85 4.52214
3.59375 0.357812 0
3.59375 0.390625 0
3.59375 0.423437 9079.68
3.59375 0.45625 39962.1
3.59375 0.489062 74391.1
3.59375 0.521875 88036.3
3.59375 0.554687 84623.5
3.59375 0.5875 72931.2
3.67188 0.357812 0
3.67188 0.390625 0
3.75 0.357812 0
3.75 0.390625 0
3.67188 0.423437 7206.84
3.67188 0.45625 35236.3
3.75 0.423437 4890.27
3.75 0.45625 29564.2
3.67188 0.489062 68854.6
3.67188 0.521875 82941.1
3.75 0.489062 62117.4
3.75 0.521875 76740.3
3.67188 0.554687 80328.5
3.67188 0.5875 69599.3
3.75 0.554687 75103
3.75 0.5875 65528.5
3.59375 0.620312 57010
3.59375 0.653125 40983.8
3.59375 0.685937 26350
3.59375 0.71875 14587.5
3.59375 0.751563 6401.6
3.59375 0.784375 1933.06
3.59375 0.817187 307.273
3.59375 0.85 13.9028
3.67188 0.620312 54745.5
3.67188 0.653125 39787.8
3.75 0.620312 51933.1
3.75 0.653125 38224.2
3.67188 0.685937 26098.4
3.67188 0.71875 14994.9
3.75 0.685937 25645.1
3.75 0.71875 15350.4
3.67188 0.751563 7051.17
3.67188 0.784375 2423.79
3.75 0.751563 7777.37
3.75 0.784375 3067.24
3.67188 0.817187 494.331
3.67188 0.85 38.7782
3.75 0.817187 812.168
3.75 0.85 110.319
3.125 0.882812 0.00122291
3.125 0.915625 0
3.125 0.948437 0
3.125 0.98125 0
3.125 1.01406 0
3.125 1.04688 0
3.125 1.07969 0
3.125 1.1125 0
3.125 1.17813 0
3.125 1.24375 0
3.125 1.375 0
3.125 1.6375 0
3.125 1.9 0
3.4375 0.882812 0.00728634
3.4375 0.915625 6.49107e-208
3.4375 0.948437 0
3.4375 0.98125 0
3.4375 1.01406 0
3.4375 1.04688 0
3.4375 1.07969 0
3.4375 1.1125 0
3.4375 1.17813 0
3.4375 1.24375 0
3.4375 1.375 0
3.59375 0.882812 0.0600189
3.59375 0.915625 3.16468e-27
3.59375 0.948437 0
3.59375 0.98125 0
3.59375 1.01406 0
3.59375 1.04688 0
3.59375 1.07969 0
3.59375 1.1125 0
3.67188 0.882812 0.433023
3.67188 0.915625 6.69701e-08
3.75 0.882812 4.18486
3.75 0.915625 0.0350882
3.67188 0.948437 0
3.67188 0.98125 0
3.75 0.948437 5.47772e-69
3.75 0.98125 0
3.67188 1.01406 0
3.67188 1.04688 0
3.75 1.01406 0
3.75 1.04688 0
3.67188 1.07969 0
3.67188 1.1125 0
3.75 1.07969 0
3.75 1.1125 0
3.59375 1.14531 0
3.59375 1.17813 0
3.67188 1.14531 0
3.75 1.14531 0
3.67188 1.17813 0
3.75 1.17813 0
3.59375 1.24375 0
3.67188 1.24375 0
3.75 1.24375 0
3.59375 1.375 0
3.75 1.30937 0
3.75 1.375 0
3.4375 1.50625 0
3.4375 1.6375 0
3.59375 1.50625 0
3.75 1.44063 0
3.75 1.50625 0
3.59375 1.6375 0
3.75 1.6375 0
3.4375 1.9 0
3.59375 1.76875 0
3.59375 1.9 0
3.75 1.76875 0
3.75 1.9 0
3.90625 -0 0
3.90625 0.0625 0
4.0625 -0 0
4.0625 0.0625 0
3.90625 0.19375 0
3.82812 0.19375 0
3.82812 0.259375 0
3.82812 0.325 0
3.90625 0.259375 0
3.90625 0.325 0
4.0625 0.19375 0
3.98438 0.19375 0
3.98438 0.259375 0
3.98438 0.325 0
3.94531 0.325 0
4.0625 0.259375 0
4.0625 0.325 0
4.02344 0.325 0
4.14062 -0 0
4.14062 0.0625 0
4.21875 -0 0
4.21875 0.0625 0
4.25781 -0 3.03017e-255
4.25781 0.0625 2.53104e-238
4.29688 -0 1.71265e-31
4.29688 0.0625 2.38979e-28
4.33594 -0 131.95
4.33594 0.0625 177.993
4.375 -0 1318.96
4.375 0.0625 1450.15
4.14062 0.19375 0
4.21875 0.128125 0
4.21875 0.19375 0
4.17969 0.19375 0
4.14062 0.259375 0
4.14062 0.325 0
4.10156 0.325 0
4.17969 0.259375 0
4.21875 0.259375 0
4.17969 0.325 0
4.21875 0.325 7.9719e-285
4.25781 0.128125 2.05824e-214
4.25781 0.19375 6.03622e-136
4.29688 0.128125 7.18048e-16
4.29688 0.19375 3.79177e-06
4.33594 0.128125 328.665
4.375 0.128125 1886.29
4.33594 0.19375 526.67
4.375 0.19375 2551.52
4.25781 0.259375 7.10724e-31
4.29688 0.259375 0.548955
4.25781 0.325 2.07196e-26
4.29688 0.325 59.902
4.33594 0.259375 1058.2
4.375 0.226562 3112.82
4.375 0.259375 4549.4
4.33594 0.325 2445.33
4.375 0.292187 5343.45
4.375 0.325 9321.52
3.82812 0.357812 0
3.82812 0.390625 0
3.90625 0.357812 0
3.90625 0.390625 0
3.82812 0.423437 2098.74
3.82812 0.45625 21986.9
3.90625 0.423437 165.736
3.90625 0.45625 14720.1
3.82812 0.489062 53010.3
3.82812 0.521875 68519.6
3.90625 0.489062 42921.4
3.90625 0.521875 59914.6
3.82812 0.554687 68186.6
3.82812 0.5875 60166.8
3.90625 0.554687 59688.1
3.90625 0.5875 54049.4
3.94531 0.357812 0
3.98438 0.357812 0
3.94531 0.390625 0
3.98438 0.390625 8.79099e-143
3.94531 0.423437 2.24988
3.98438 0.423437 2.74748e-05
3.94531 0.45625 10411.3
3.98438 0.45625 7178.09
4.02344 0.357812 0
4.0625 0.357812 0
4.02344 0.390625 4.13393e-111
4.0625 0.390625 1.05796e-110
4.02344 0.423437 5.05871e-24
4.0625 0.423437 4.81861e-90
4.02344 0.45625 4465.04
4.0625 0.45625 2593.07
3.94531 0.489062 34663.8
3.98438 0.489062 27675.2
3.94531 0.521875 52858.2
3.98438 0.521875 46490.1
3.94531 0.5875 51516.5
3.98438 0.5875 47685.3
4.02344 0.489062 20870.3
4.0625 0.489062 15383.5
4.02344 0.521875 39770.1
4.0625 0.521875 32872.4
4.02344 0.5875 42152.4
4.0625 0.5875 35154.4
3.82812 0.620312 48233.8
3.82812 0.653125 36148.2
3.90625 0.620312 43818.4
3.90625 0.653125 33406.4
3.82812 0.685937 25004.7
3.82812 0.71875 15780.7
3.90625 0.685937 23758.4
3.90625 0.71875 15700.6
3.82812 0.751563 8769.19
3.82812 0.784375 4072.42
3.90625 0.751563 9416.76
3.90625 0.784375 4964.25
3.82812 0.817187 1450.14
3.82812 0.85 346.246
3.90625 0.817187 2183.46
3.90625 0.85 741.831
3.94531 0.620312 40358.2
3.98438 0.620312 36433.6
3.94531 0.653125 31330.7
3.98438 0.653125 28671.2
3.94531 0.685937 22872.4
3.98438 0.685937 21282.3
3.94531 0.71875 15737.4
3.98438 0.71875 15009.9
4.02344 0.620312 32038.1
4.0625 0.620312 26761.7
4.02344 0.653125 25281.6
4.0625 0.653125 20933.1
4.02344 0.685937 18848.1
4.0625 0.685937 15403.3
4.02344 0.71875 13419.3
4.0625 0.71875 10835.1
3.94531 0.751563 10056.2
3.98438 0.751563 9964.91
3.94531 0.784375 5860.37
3.98438 0.784375 6161.42
3.94531 0.817187 3023.42
3.98438 0.817187 3482.41
3.94531 0.85 1324.31
3.98438 0.85 1754.15
4.02344 0.751563 9068.39
4.0625 0.751563 7255.84
4.02344 0.784375 5780.21
4.0625 0.784375 4608.1
4.02344 0.817187 3430.43
4.0625 0.817187 2747.39
4.02344 0.85 1863.27
4.0625 0.85 1517.55
4.10156 0.357812 0
4.14062 0.357812 0
4.10156 0.390625 2.77573e-121
4.14062 0.390625 3.87626e-86
4.10156 0.423437 1.81849e-50
4.14062 0.423437 1.232e-11
4.10156 0.45625 1648.12
4.14062 0.45625 1682.4
4.17969 0.357812 2.73761e-259
4.21875 0.357812 1.03759e-35
4.17969 0.390625 6.16641e-27
4.21875 0.390625 1.30926e-05
4.17969 0.423437 0.356107
4.21875 0.423437 235.138
4.17969 0.45625 2556.26
4.21875 0.45625 4026.24
4.10156 0.489062 12104.2
4.14062 0.489062 10411.9
4.10156 0.521875 24294.8
4.14062 0.521875 20858.3
4.10156 0.554687 31631.7
4.10156 0.5875 27457
4.14062 0.554687 23887.2
4.14062 0.5875 21885.2
4.17969 0.489062 10582
4.21875 0.489062 11756
4.17969 0.521875 18369.7
4.21875 0.521875 16500.7
4.17969 0.554687 19738.2
4.21875 0.554687 16035.2
4.17969 0.5875 17097.6
4.21875 0.5875 13052.7
4.25781 0.390625 122.755
4.29688 0.357812 888.215
4.29688 0.390625 2988.56
4.25781 0.423437 2625.93
4.29688 0.423437 7154.54
4.25781 0.45625 7757.77
4.29688 0.45625 12234.9
4.33594 0.357812 7214.82
4.33594 0.390625 9120.41
4.375 0.390625 11277.3
4.33594 0.423437 12021.3
4.33594 0.45625 11787.7
4.375 0.45625 10322.6
4.25781 0.489062 13070.4
4.25781 0.521875 14682.2
4.29688 0.489062 12597.7
4.29688 0.521875 12084.8
4.33594 0.521875 9296.94
4.375 0.521875 7457.19
4.25781 0.554687 12686.1
4.29688 0.554687 9501.92
4.25781 0.5875 9642.63
4.29688 0.5875 6764.44
4.33594 0.554687 6819.79
4.375 0.554687 4675.41
4.33594 0.5875 4572.21
4.375 0.5875 3000.96
4.10156 0.620312 21850.3
4.14062 0.620312 16806.4
4.10156 0.653125 16415.7
4.14062 0.653125 12086.5
4.10156 0.685937 11636.3
4.14062 0.685937 8140.13
4.10156 0.71875 7893.97
4.14062 0.71875 5225.25
4.17969 0.620312 12593
4.21875 0.620312 9148.74
4.17969 0.653125 8626.78
4.21875 0.653125 5965.12
4.17969 0.685937 5476.98
4.21875 0.685937 3579.81
4.17969 0.71875 3294.63
4.21875 0.71875 2018
4.10156 0.751563 5095.77
4.14062 0.751563 3175.38
4.10156 0.784375 3119.56
4.14062 0.784375 1820.84
4.10156 0.817187 1794.37
4.14062 0.817187 975.984
4.10156 0.85 958.64
4.14062 0.85 483.726
4.17969 0.751563 1860.63
4.21875 0.751563 1058.2
4.17969 0.784375 982.921
4.21875 0.784375 514.056
4.17969 0.817187 480.299
4.21875 0.817187 228.404
4.17969 0.85 214.548
4.21875 0.85 91.5604
4.25781 0.620312 6379.4
4.29688 0.620312 4263
4.25781 0.653125 3951.53
4.29688 0.653125 2512.53
4.33594 0.620312 2765.19
4.375 0.620312 1760.55
4.33594 0.653125 1559.9
4.375 0.653125 960.325
4.25781 0.685937 2245.25
4.29688 0.685937 1357.39
4.25781 0.71875 1191.61
4.29688 0.71875 680.195
4.33594 0.685937 805.827
4.375 0.685937 478.789
4.33594 0.71875 383.042
4.375 0.71875 217.885
4.25781 0.751563 582.195
4.29688 0.751563 311.322
4.25781 0.784375 260.355
4.29688 0.784375 128.961
4.33594 0.751563 165.027
4.375 0.751563 89.1699
4.33594 0.784375 63.7255
4.375 0.784375 32.4002
4.25781 0.817187 105.096
4.29688 0.817187 47.5753
4.25781 0.85 37.732
4.29688 0.85 15.3714
4.33594 0.817187 21.677
4.375 0.817187 10.2711
4.33594 0.85 6.37567
4.375 0.85 2.78669
4.41406 -0 3645.46
4.41406 0.0625 3822.62
4.45312 -0 5287.56
4.45312 0.0625 5438.37
4.49219 -0 5846.68
4.49219 0.0625 5944.12
4.53125 -0 6038.74
4.53125 0.0625 6085.24
4.57031 -0 6039.36
4.57031 0.0625 6042.99
4.60938 -0 6030.86
4.60938 0.0625 6000.94
4.64844 -0 6050.74
4.64844 0.0625 5995.07
4.6875 -0 6128.58
4.6875 0.0625 6053.24
4.41406 0.128125 4395.28
4.45312 0.128125 5902.08
4.41406 0.19375 5247.37
4.45312 0.19375 6526.71
4.49219 0.128125 6229.86
4.53125 0.128125 6204.27
4.49219 0.19375 6745.4
4.53125 0.19375 6340.04
4.41406 0.226562 6226.09
4.45312 0.226562 7446.49
4.41406 0.259375 7064.18
4.45312 0.259375 8105.33
4.41406 0.292187 8632.24
4.41406 0.325 9596.07
4.45312 0.325 8627.94
4.49219 0.259375 7139.52
4.49219 0.325 6979.32
4.53125 0.259375 6278.21
4.53125 0.325 5793.86
4.57031 0.128125 6027.97
4.57031 0.19375 5935.89
4.60938 0.128125 5885.29
4.60938 0.19375 5636.21
4.64844 0.128125 5805.05
4.64844 0.19375 5446.63
4.6875 0.128125 5808.05
4.6875 0.19375 5371.99
4.57031 0.259375 5634.84
4.60938 0.259375 5171.6
4.57031 0.325 5025.68
4.60938 0.325 4523.66
4.64844 0.259375 4872.48
4.6875 0.259375 4728.46
4.64844 0.325 4149.21
4.6875 0.325 4044.96
4.72656 -0 6204.64
4.72656 0.0625 6114.96
4.76562 -0 6213.56
4.76562 0.0625 6114.35
4.80469 -0 5420.2
4.80469 0.0625 5326.79
4.84375 -0 3484.2
4.84375 0.0625 3415.41
4.88281 -0 1442.62
4.88281 0.0625 1409.95
4.92188 -0 288.061
4.92188 0.0625 278.541
4.96094 -0 12.2799
4.96094 0.0625 10.3155
5 -0 0
5 0.0625 0
4.72656 0.128125 5830.7
4.76562 0.128125 5805.21
4.72656 0.19375 5340.43
4.76562 0.19375 5283.17
4.72656 0.259375 4641.67
4.76562 0.259375 4561.42
4.72656 0.325 3705.09
4.76562 0.325 3679.28
4.80469 0.128125 5036.2
4.80469 0.19375 4550.81
4.84375 0.128125 3201.07
4.84375 0.19375 2847.07
4.80469 0.259375 3895.16
4.84375 0.259375 2382.08
4.80469 0.325 3118.3
4.84375 0.325 1851.9
4.88281 0.128125 1305.89
4.88281 0.19375 1134.55
4.92188 0.128125 250.511
4.92188 0.19375 209.359
4.88281 0.259375 916.105
4.88281 0.325 678.676
4.92188 0.259375 161.441
4.92188 0.325 112.969
4.96094 0.128125 5.47699
4.96094 0.19375 1.49623
5 0.128125 0
5 0.19375 0
4.96094 0.259375 0.170376
4.96094 0.325 0.00391549
5 0.259375 0
5 0.325 0
4.41406 0.390625 9710.14
4.41406 0.45625 7988.85
4.45312 0.390625 7866.73
4.45312 0.45625 5865.21
4.49219 0.390625 6045.84
4.53125 0.390625 4778.48
4.49219 0.45625 4440.69
4.53125 0.45625 3506.97
4.41406 0.521875 5315.13
4.45312 0.521875 3711.23
4.49219 0.521875 2772.46
4.53125 0.489062 2502.38
4.53125 0.521875 1455.36
4.41406 0.554687 3094.86
4.45312 0.554687 2101.99
4.41406 0.5875 1944.25
4.45312 0.5875 1299.65
4.49219 0.554687 1463.15
4.53125 0.554687 1086.96
4.49219 0.5875 907.261
4.53125 0.5875 681.371
4.57031 0.390625 4075.31
4.60938 0.357812 3830.54
4.60938 0.390625 3239.36
4.57031 0.45625 2878.95
4.60938 0.423437 2685.58
4.60938 0.45625 1985.53
4.64844 0.357812 3543
4.6875 0.357812 3450.27
4.64844 0.390625 3001.45
4.6875 0.390625 2829
4.64844 0.423437 2452.63
4.6875 0.423437 2332.12
4.64844 0.45625 1931.74
4.6875 0.45625 1851.83
4.57031 0.489062 1905.68
4.60938 0.489062 1600.33
4.57031 0.521875 1336.99
4.60938 0.521875 1148.24
4.57031 0.554687 891.269
4.60938 0.554687 777.469
4.57031 0.5875 558.55
4.60938 0.5875 494.68
4.64844 0.489062 1463.4
4.6875 0.489062 1414.56
4.64844 0.521875 1058.32
4.6875 0.521875 1036.29
4.64844 0.554687 727.25
4.6875 0.554687 725.091
4.64844 0.5875 471.915
4.6875 0.5875 481.543
4.41406 0.620312 1124.11
4.45312 0.620312 743.754
4.41406 0.653125 599.992
4.45312 0.653125 392.138
4.49219 0.620312 520.414
4.53125 0.620312 393.977
4.49219 0.653125 274.124
4.53125 0.653125 209.111
4.41406 0.685937 291.99
4.45312 0.685937 188.111
4.41406 0.71875 128.692
4.45312 0.71875 81.324
4.49219 0.685937 131.195
4.53125 0.685937 100.921
4.49219 0.71875 56.4275
4.53125 0.71875 43.7952
4.41406 0.751563 50.6619
4.45312 0.751563 31.2485
4.41406 0.784375 17.5631
4.45312 0.784375 10.5146
4.49219 0.751563 21.5192
4.53125 0.751563 16.8631
4.49219 0.784375 7.16735
4.53125 0.784375 5.67525
4.41406 0.817187 5.26894
4.45312 0.817187 3.04458
4.41406 0.85 1.34163
4.45312 0.85 0.744081
4.49219 0.817187 2.04925
4.53125 0.817187 1.64134
4.49219 0.85 0.493416
4.53125 0.85 0.400309
4.57031 0.620312 326.022
4.60938 0.620312 294.056
4.57031 0.653125 175.56
4.60938 0.653125 162
4.57031 0.685937 86.3123
4.60938 0.685937 81.9175
4.57031 0.71875 38.2963
4.60938 0.71875 37.6003
4.64844 0.620312 287.436
4.6875 0.620312 301.815
4.64844 0.653125 163.128
4.6875 0.653125 177.313
4.64844 0.685937 85.5097
4.6875 0.685937 96.8748
4.64844 0.71875 40.9792
4.6875 0.71875 48.7706
4.57031 0.751563 15.1349
4.60938 0.751563 15.4706
4.57031 0.784375 5.24972
4.60938 0.784375 5.62578
4.57031 0.817187 1.57195
4.60938 0.817187 1.7796
4.57031 0.85 0.398925
4.60938 0.85 0.481064
4.64844 0.751563 17.747
4.6875 0.751563 22.3904
4.64844 0.784375 6.85441
4.6875 0.784375 9.26158
4.64844 0.817187 2.3261
4.6875 0.817187 3.40502
4.64844 0.85 0.68196
4.6875 0.85 1.09523
4.72656 0.390625 2866.62
4.76562 0.390625 2938.36
4.72656 0.423437 2293.56
4.76562 0.423437 2341.78
4.72656 0.45625 1828.48
4.76562 0.45625 1883.27
4.80469 0.390625 2238.93
4.84375 0.390625 1316.33
4.80469 0.45625 1426.49
4.84375 0.45625 855.347
4.72656 0.489062 1408.27
4.76562 0.489062 1447.74
4.72656 0.521875 1047.07
4.76562 0.521875 1056.97
4.72656 0.554687 747.587
4.76562 0.554687 772.621
4.72656 0.5875 508.216
4.76562 0.5875 535.136
4.80469 0.521875 944.298
4.84375 0.521875 455.1
4.80469 0.554687 628.941
4.80469 0.5875 437.514
4.84375 0.5875 220.257
4.88281 0.390625 454.078
4.88281 0.45625 269.958
4.92188 0.390625 71.2317
4.92188 0.45625 40.753
4.88281 0.521875 133.615
4.92188 0.521875 17.73
4.88281 0.5875 49.5982
4.92188 0.5875 2.9365
4.96094 0.390625 1.40446e-06
4.96094 0.45625 7.26997e-16
5 0.390625 0
5 0.45625 0
4.96094 0.521875 9.86608e-60
4.96094 0.5875 0
5 0.521875 0
5 0.5875 0
4.72656 0.620312 327.863
4.76562 0.620312 354.711
4.72656 0.653125 199.307
4.76562 0.653125 222.055
4.72656 0.685937 113.395
4.76562 0.685937 130.901
4.72656 0.71875 59.8673
4.76562 0.71875 71.9188
4.80469 0.620312 292.941
4.84375 0.620312 123.723
4.80469 0.653125 182.82
4.84375 0.653125 82.0671
4.80469 0.685937 108.245
4.84375 0.685937 41.6732
4.80469 0.71875 59.4252
4.84375 0.71875 24.6768
4.72656 0.751563 29.0717
4.76562 0.751563 36.657
4.72656 0.784375 12.8366
4.76562 0.784375 17.0782
4.72656 0.817187 5.09276
4.76562 0.817187 7.21813
4.72656 0.85 1.7876
4.76562 0.85 2.71253
4.80469 0.751563 30.7208
4.84375 0.751563 10.0914
4.80469 0.784375 14.4968
4.84375 0.784375 4.8055
4.80469 0.817187 6.43916
4.84375 0.817187 1.7895
4.80469 0.85 2.53613
4.84375 0.85 0.837196
4.88281 0.653125 12.5815
4.88281 0.71875 3.33911
4.92188 0.653125 0.00710029
4.92188 0.71875 1.46775e-11
4.88281 0.784375 0.27224
4.92188 0.784375 2.24349e-73
4.88281 0.85 2.08292e-05
4.92188 0.85 0
4.96094 0.653125 0
4.96094 0.71875 0
5 0.653125 0
5 0.71875 0
4.96094 0.784375 0
4.96094 0.85 0
5 0.784375 0
5 0.85 0
3.82812 0.882812 44.5716
3.82812 0.915625 1.92262
3.90625 0.882812 174.428
3.90625 0.915625 24.3803
3.82812 0.948437 0.0361887
3.82812 0.98125 2.97205e-10
3.90625 0.948437 1.56024
3.90625 0.98125 0.0389411
3.82812 1.01406 0
3.82812 1.04688 0
3.90625 1.01406 1.02411e-05
3.90625 1.04688 0
3.82812 1.07969 0
3.82812 1.1125 0
3.90625 1.07969 0
3.90625 1.1125 0
3.94531 0.882812 464.65
3.98438 0.882812 761.174
3.94531 0.915625 120.739
3.98438 0.915625 272.037
3.94531 0.948437 20.8921
3.98438 0.948437 75.5523
3.94531 0.98125 2.06175
3.98438 0.98125 15.1525
4.02344 0.882812 905.565
4.0625 0.882812 763.443
4.02344 0.915625 382.381
4.0625 0.915625 342.15
4.02344 0.948437 135.046
4.0625 0.948437 133.21
4.02344 0.98125 37.8551
4.0625 0.98125 41.0034
3.94531 1.01406 0.0879662
3.98438 1.01406 2.01294
3.94531 1.04688 0.00259948
3.98438 1.04688 0.149633
3.94531 1.07969 6.88749e-65
3.98438 1.07969 0.0279847
3.94531 1.1125 0
3.98438 1.1125 6.12301e-08
4.02344 1.01406 8.43744
4.0625 1.01406 12.4586
4.02344 1.04688 1.22755
4.0625 1.04688 2.41704
4.02344 1.07969 0.124405
4.0625 1.07969 0.339268
4.02344 1.1125 0.0117689
4.0625 1.1125 0.0338778
3.82812 1.14531 0
3.82812 1.17813 0
3.90625 1.14531 0
3.90625 1.17813 0
3.82812 1.21094 0
3.82812 1.24375 0
3.90625 1.21094 0
3.90625 1.24375 0
3.82812 1.30937 0
3.82812 1.375 0
3.90625 1.30937 0
3.90625 1.375 0
3.94531 1.14531 0
3.98438 1.14531 0
3.94531 1.17813 0
3.98438 1.17813 0
3.94531 1.21094 0
3.94531 1.24375 0
3.98438 1.21094 0
3.98438 1.24375 0
4.02344 1.14531 0.0023635
4.0625 1.14531 0.00380364
4.02344 1.17813 2.00472e-11
4.0625 1.17813 0.000464788
4.02344 1.21094 0
4.0625 1.21094 1.2124e-05
4.02344 1.24375 0
4.0625 1.24375 1.00792e-15
3.94531 1.30937 0
3.98438 1.27656 0
3.98438 1.30937 0
3.94531 1.375 0
3.98438 1.375 0
4.02344 1.27656 0
4.0625 1.27656 0
4.02344 1.30937 0
4.0625 1.30937 0
4.02344 1.34219 0
4.02344 1.375 0
4.0625 1.34219 0
4.0625 1.375 0
4.10156 0.882812 469.035
4.14062 0.882812 218.883
4.10156 0.915625 206.41
4.14062 0.915625 89.0588
4.10156 0.948437 82.1064
4.14062 0.948437 32.7227
4.10156 0.98125 19.5357
4.14062 0.98125 7.18477
4.17969 0.882812 86.411
4.21875 0.882812 32.5767
4.17969 0.915625 30.9361
4.21875 0.915625 10.1028
4.17969 0.948437 9.78122
4.21875 0.948437 2.67889
4.17969 0.98125 1.97291
4.21875 0.98125 0.603771
4.10156 1.04688 3.867
4.14062 1.04688 1.25985
4.10156 1.07969 0.249119
4.14062 1.07969 0.0873015
4.10156 1.1125 0.0344649
4.14062 1.1125 0.0160077
4.17969 1.04688 0.19977
4.21875 1.01406 0.0808859
4.21875 1.04688 0.0220164
4.17969 1.1125 0.00489081
4.21875 1.07969 0.00134024
4.21875 1.1125 0.000275217
4.25781 0.882812 11.8274
4.29688 0.882812 4.26465
4.25781 0.915625 3.16695
4.29688 0.915625 0.993291
4.33594 0.882812 1.58745
4.375 0.882812 0.633235
4.33594 0.915625 0.326991
4.375 0.915625 0.117768
4.25781 0.948437 0.704569
4.29688 0.948437 0.189152
4.25781 0.98125 0.125442
4.29688 0.98125 0.0285658
4.33594 0.948437 0.0543813
4.375 0.948437 0.0175145
4.33594 0.98125 0.0071318
4.375 0.98125 0.00204017
4.25781 1.01406 0.0143265
4.29688 1.01406 0.00334661
4.25781 1.04688 0.00227419
4.29688 1.04688 0.000326709
4.33594 1.01406 0.000725729
4.375 1.01406 0.000183517
4.33594 1.04688 5.76136e-05
4.375 1.04688 1.27023e-05
4.25781 1.07969 0.00014373
4.29688 1.07969 2.22961e-05
4.25781 1.1125 1.27151e-05
4.29688 1.1125 1.26256e-06
4.33594 1.07969 3.43867e-06
4.375 1.07969 6.76559e-07
4.33594 1.1125 1.60443e-07
4.375 1.1125 2.85276e-08
4.10156 1.14531 0.00306128
4.14062 1.14531 0.00129862
4.10156 1.17813 0.000175396
4.14062 1.17813 8.39231e-05
4.17969 1.14531 5.83631e-05
4.21875 1.14531 1.27107e-05
4.17969 1.17813 4.09585e-06
4.21875 1.17813 4.64738e-07
4.10156 1.21094 1.72315e-05
4.14062 1.21094 3.54944e-06
4.10156 1.24375 2.32039e-06
4.14062 1.24375 7.77199e-08
4.17969 1.21094 1.73999e-07
4.21875 1.21094 1.33629e-08
4.17969 1.24375 4.2876e-09
4.21875 1.24375 2.73639e-10
4.10156 1.27656 1.49179e-09
4.14062 1.27656 3.59089e-09
4.10156 1.30937 4.54961e-44
4.14062 1.30937 7.93763e-10
4.17969 1.27656 5.46993e-11
4.21875 1.27656 3.8444e-12
4.17969 1.30937 2.83058e-13
4.21875 1.30937 4.17702e-14
4.10156 1.34219 0
4.14062 1.34219 3.68114e-35
4.10156 1.375 0
4.14062 1.375 0
4.17969 1.34219 4.66446e-14
4.21875 1.34219 6.19098e-15
4.17969 1.375 3.68108e-35
4.21875 1.375 3.02438e-15
4.25781 1.14531 5.50288e-07
4.29688 1.14531 5.01616e-08
4.25781 1.17813 1.93973e-08
4.29688 1.17813 1.60469e-09
4.33594 1.14531 5.82016e-09
4.375 1.14531 9.96483e-10
4.33594 1.17813 1.79544e-10
4.375 1.17813 3.17116e-11
4.25781 1.21094 5.58095e-10
4.29688 1.21094 4.60554e-11
4.25781 1.24375 1.35553e-11
4.29688 1.24375 1.33421e-12
4.33594 1.21094 5.40621e-12
4.375 1.21094 1.0641e-12
4.33594 1.24375 1.90341e-13
4.375 1.24375 4.58336e-14
4.25781 1.27656 2.9561e-13
4.29688 1.27656 4.50235e-14
4.25781 1.30937 6.6361e-15
4.29688 1.30937 2.19257e-15
4.33594 1.27656 9.73146e-15
4.375 1.27656 3.23125e-15
4.33594 1.30937 9.51773e-16
4.375 1.30937 5.0259e-16
4.25781 1.34219 2.30742e-16
4.29688 1.34219 1.91012e-16
4.25781 1.375 5.9071e-16
4.29688 1.375 7.96512e-14
4.33594 1.34219 1.85017e-16
4.375 1.34219 1.69122e-16
4.33594 1.375 2.8561e-13
4.375 1.375 3.25726e-13
3.82812 1.44063 0
3.90625 1.44063 0
3.98438 1.44063 0
4.02344 1.44063 0
4.0625 1.40781 0
4.0625 1.44063 0
3.82812 1.50625 0
3.90625 1.50625 0
3.98438 1.50625 0
4.0625 1.50625 0
3.90625 1.6375 0
4.0625 1.57187 0
4.0625 1.6375 0
3.90625 1.76875 0
3.90625 1.9 0
4.0625 1.76875 0
4.0625 1.9 0
4.10156 1.40781 0
4.14062 1.40781 0
4.10156 1.44063 0
4.14062 1.44063 0
4.17969 1.40781 0
4.21875 1.40781 2.35714e-158
4.17969 1.44063 0
4.21875 1.44063 0
4.25781 1.40781 1.91032e-27
4.29688 1.40781 6.20474e-16
4.25781 1.44063 0
4.29688 1.44063 0
4.33594 1.40781 1.48697e-13
4.375 1.40781 2.67222e-13
4.33594 1.44063 0
4.375 1.44063 1.44482e-216
4.14062 1.47344 0
4.14062 1.50625 0
4.17969 1.47344 0
4.21875 1.47344 0
4.17969 1.50625 0
4.21875 1.50625 0
4.25781 1.47344 0
4.29688 1.47344 0
4.33594 1.47344 0
4.375 1.47344 0
4.25781 1.50625 0
4.29688 1.50625 0
4.33594 1.50625 0
4.375 1.50625 0
4.14062 1.57187 0
4.21875 1.57187 0
4.14062 1.6375 0
4.21875 1.6375 0
4.29688 1.57187 0
4.375 1.57187 0
4.29688 1.6375 0
4.375 1.6375 0
4.21875 1.76875 0
4.21875 1.9 0
4.375 1.76875 0
4.375 1.9 0
4.41406 0.882812 0.283805
4.45312 0.882812 0.150272
4.41406 0.915625 0.0487626
4.45312 0.915625 0.0245302
4.49219 0.882812 0.0979843
4.53125 0.882812 0.0806595
4.49219 0.915625 0.0157012
4.53125 0.915625 0.0131376
4.41406 0.948437 0.00665578
4.45312 0.948437 0.00316762
4.41406 0.98125 0.000708013
4.45312 0.98125 0.000317673
4.49219 0.948437 0.00198696
4.53125 0.948437 0.00169189
4.49219 0.98125 0.000194839
4.53125 0.98125 0.000168731
4.41406 1.01406 5.79754e-05
4.45312 1.01406 2.4458e-05
4.41406 1.04688 3.64945e-06
4.45312 1.04688 1.44578e-06
4.49219 1.01406 1.46127e-05
4.53125 1.01406 1.28136e-05
4.49219 1.04688 8.36218e-07
4.53125 1.04688 7.3434e-07
4.41406 1.07969 1.78969e-07
4.45312 1.07969 6.67837e-08
4.41406 1.1125 7.09919e-09
4.45312 1.1125 2.51578e-09
4.49219 1.07969 3.70436e-08
4.53125 1.07969 3.19003e-08
4.49219 1.1125 1.32064e-09
4.53125 1.1125 1.07736e-09
4.57031 0.882812 0.0840835
4.60938 0.882812 0.108949
4.57031 0.915625 0.0144015
4.60938 0.915625 0.0202247
4.57031 0.948437 0.00195876
4.60938 0.948437 0.00300463
4.57031 0.98125 0.000206691
4.60938 0.98125 0.000348134
4.64844 0.882812 0.169466
4.6875 0.882812 0.30276
4.64844 0.915625 0.0349315
4.6875 0.915625 0.0704371
4.64844 0.948437 0.0058287
4.6875 0.948437 0.0134671
4.64844 0.98125 0.000765808
4.6875 0.98125 0.00205648
4.57031 1.01406 1.65532e-05
4.60938 1.01406 3.0616e-05
4.57031 1.04688 9.88081e-07
4.60938 1.04688 1.98804e-06
4.57031 1.07969 4.35132e-08
4.60938 1.07969 9.28762e-08
4.57031 1.1125 1.41945e-09
4.60938 1.1125 3.05793e-09
4.64844 1.01406 7.67888e-05
4.6875 1.01406 0.000242672
4.64844 1.04688 5.67194e-06
4.6875 1.04688 2.12412e-05
4.64844 1.07969 2.96743e-07
4.6875 1.07969 1.31164e-06
4.64844 1.1125 1.05349e-08
4.6875 1.1125 5.33672e-08
4.41406 1.14531 2.4355e-10
4.45312 1.14531 8.33043e-11
4.41406 1.17813 8.04526e-12
4.45312 1.17813 2.71712e-12
4.49219 1.14531 4.07007e-11
4.53125 1.14531 2.99132e-11
4.49219 1.17813 1.21264e-12
4.53125 1.17813 7.52941e-13
4.41406 1.21094 2.97739e-13
4.45312 1.21094 1.01921e-13
4.41406 1.24375 1.49819e-14
4.45312 1.24375 5.3257e-15
4.49219 1.21094 4.08305e-14
4.53125 1.21094 1.99746e-14
4.49219 1.24375 1.89168e-15
4.53125 1.24375 6.8745e-16
4.41406 1.27656 1.29176e-15
4.45312 1.27656 4.83072e-16
4.41406 1.30937 2.52209e-16
4.45312 1.30937 9.74447e-17
4.49219 1.27656 1.51145e-16
4.53125 1.27656 3.96274e-17
4.49219 1.30937 2.59882e-17
4.53125 1.30937 5.71569e-18
4.41406 1.34219 1.13275e-16
4.45312 1.34219 4.77088e-17
4.41406 1.375 2.53688e-13
4.45312 1.375 1.52755e-13
4.49219 1.34219 1.19269e-17
4.53125 1.34219 1.98758e-18
4.49219 1.375 2.95526e-14
4.53125 1.375 8.29699e-17
4.57031 1.14531 3.5272e-11
4.60938 1.14531 7.03877e-11
4.57031 1.17813 7.13481e-13
4.60938 1.17813 1.15299e-12
4.57031 1.21094 1.33224e-14
4.60938 1.21094 1.43957e-14
4.57031 1.24375 2.83138e-16
4.60938 1.24375 1.6078e-16
4.64844 1.14531 2.4299e-10
4.6875 1.14531 1.31482e-09
4.64844 1.17813 3.48983e-12
4.6875 1.17813 1.7739e-11
4.64844 1.21094 3.03355e-14
4.6875 1.21094 1.44844e-13
4.64844 1.24375 1.64338e-16
4.6875 1.24375 1.04072e-15
4.57031 1.27656 9.31791e-18
4.60938 1.27656 2.22403e-18
4.57031 1.30937 1.00565e-18
4.60938 1.30937 5.95043e-20
4.57031 1.375 2.32037e-17
4.60938 1.34219 1.19746e-19
4.60938 1.375 3.00829e-21
4.64844 1.27656 8.31388e-19
4.6875 1.27656 1.2969e-17
4.64844 1.30937 6.86533e-21
4.6875 1.30937 1.75399e-21
4.64844 1.34219 1.97486e-22
4.6875 1.34219 5.95926e-24
4.64844 1.375 1.70822e-22
4.6875 1.375 5.9251e-48
4.72656 0.882812 0.546328
4.76562 0.882812 0.897021
4.72656 0.915625 0.142289
4.76562 0.915625 0.254542
4.72656 0.948437 0.0308522
4.76562 0.948437 0.0623336
4.72656 0.98125 0.00538713
4.76562 0.98125 0.0135135
4.80469 0.882812 0.93777
4.84375 0.882812 0.298599
4.80469 0.915625 0.289363
4.84375 0.915625 0.126606
4.80469 0.948437 0.0825135
4.84375 0.948437 0.0349218
4.80469 0.98125 0.0130694
4.84375 0.98125 0.00458352
4.72656 1.01406 0.000731172
4.76562 1.01406 0.00269801
4.72656 1.04688 7.33997e-05
4.76562 1.04688 0.000511234
4.72656 1.07969 5.26257e-06
4.76562 1.07969 8.86698e-05
4.72656 1.1125 2.78578e-07
4.76562 1.1125 3.06343e-06
4.80469 1.01406 0.0030108
4.84375 1.01406 4.38717e-06
4.80469 1.04688 0.000675952
4.84375 1.04688 1.36875e-13
4.80469 1.07969 0.000136767
4.84375 1.07969 1.02208e-35
4.80469 1.1125 1.22511e-05
4.84375 1.1125 8.34809e-154
4.88281 0.915625 6.76723e-29
4.92188 0.915625 0
4.88281 0.98125 0
4.92188 0.98125 0
4.88281 1.04688 0
4.92188 1.04688 0
4.88281 1.1125 0
4.92188 1.1125 0
4.96094 0.915625 0
4.96094 0.98125 0
5 0.915625 0
5 0.98125 0
4.96094 1.04688 0
4.96094 1.1125 0
5 1.04688 0
5 1.1125 0
4.72656 1.14531 1.32285e-08
4.76562 1.14531 2.41707e-08
4.72656 1.17813 6.4869e-10
4.76562 1.17813 1.29121e-09
4.72656 1.21094 2.72859e-11
4.76562 1.21094 6.14941e-11
4.72656 1.24375 1.62365e-15
4.76562 1.24375 9.60965e-15
4.80469 1.14531 6.43272e-08
4.84375 1.14531 0
4.80469 1.17813 2.30719e-17
4.84375 1.17813 0
4.80469 1.21094 2.03631e-54
4.84375 1.21094 0
4.80469 1.24375 0
4.84375 1.24375 0
4.72656 1.27656 1.75293e-17
4.76562 1.27656 1.6417e-30
4.72656 1.30937 6.53322e-25
4.76562 1.30937 2.43654e-145
4.80469 1.27656 0
4.80469 1.30937 0
4.84375 1.27656 0
4.84375 1.30937 0
4.72656 1.34219 5.72225e-52
4.76562 1.34219 0
4.72656 1.375 0
4.76562 1.375 0
4.80469 1.375 0
4.84375 1.375 0
4.88281 1.17813 0
4.88281 1.24375 0
4.92188 1.17813 0
4.92188 1.24375 0
5 1.24375 0
4.92188 1.30937 0
4.92188 1.375 0
5 1.375 0
4.41406 1.40781 2.80439e-13
4.45312 1.40781 2.23609e-13
4.41406 1.44063 1.32327e-190
4.45312 1.44063 5.55455e-192
4.49219 1.40781 8.25358e-14
4.53125 1.40781 7.64124e-15
4.49219 1.44063 1.07532e-258
4.53125 1.44063 0
4.41406 1.47344 0
4.45312 1.47344 0
4.41406 1.50625 0
4.45312 1.50625 0
4.49219 1.47344 0
4.53125 1.47344 0
4.49219 1.50625 0
4.53125 1.50625 0
4.57031 1.44063 9.69494e-100
4.60938 1.40781 1.62979e-99
4.60938 1.44063 0
4.57031 1.47344 0
4.60938 1.47344 0
4.57031 1.50625 0
4.60938 1.50625 0
4.64844 1.40781 9.89455e-195
4.6875 1.40781 0
4.64844 1.44063 0
4.6875 1.44063 0
4.6875 1.50625 0
4.45312 1.57187 0
4.45312 1.6375 0
4.53125 1.57187 0
4.53125 1.6375 0
4.60938 1.57187 0
4.60938 1.6375 0
4.6875 1.57187 0
4.6875 1.6375 0
4.53125 1.76875 0
4.6875 1.76875 0
4.53125 1.9 0
4.6875 1.9 0
4.76562 1.44063 0
4.84375 1.44063 0
4.76562 1.50625 0
4.84375 1.50625 0
4.84375 1.6375 0
4.92188 1.50625 0
5 1.50625 0
5 1.6375 0
4.84375 1.76875 0
4.84375 1.9 0
5 1.76875 0
5 1.9 0
0.625 2.1625 0
-0 2.1625 0
1.25 2.1625 0
0.625 2.29375 0
-0 2.29375 0
0.625 2.425 0
-0 2.425 0
1.25 2.29375 0
1.25 2.425 0
0.625 2.6875 0
-0 2.6875 0
1.25 2.6875 0
0.625 2.95 0
-0 2.95 0
1.25 2.95 0
1.875 2.1625 0
2.5 2.1625 0
1.875 2.29375 0
1.875 2.425 0
2.5 2.29375 0
2.5 2.425 0
1.875 2.6875 0
2.5 2.6875 0
1.875 2.95 0
2.5 2.95 0
3.125 2.1625 0
3.125 2.29375 0
3.125 2.425 0
3.4375 2.1625 0
3.75 2.03125 0
3.75 2.1625 0
3.4375 2.29375 0
3.4375 2.425 0
3.75 2.29375 0
3.75 2.425 0
3.125 2.6875 0
3.125 2.95 0
3.4375 2.6875 0
3.4375 2.95 0
3.75 2.6875 0
3.75 2.95 0
3.90625 2.03125 0
3.90625 2.1625 0
4.0625 2.03125 0
4.0625 2.1625 0
4.21875 2.03125 0
4.21875 2.1625 0
4.375 2.03125 0
4.375 2.1625 0
4.53125 2.03125 0
4.6875 2.03125 0
4.53125 2.1625 0
4.6875 2.1625 0
4.84375 2.03125 0
4.84375 2.1625 0
5 2.03125 0
5 2.1625 0
3.90625 2.29375 0
4.0625 2.29375 0
4.21875 2.29375 0
4.375 2.29375 0
3.90625 2.425 0
4.0625 2.425 0
4.21875 2.425 0
4.375 2.425 0
4.53125 2.29375 0
4.6875 2.29375 0
4.84375 2.29375 0
5 2.29375 0
4.53125 2.425 0
4.6875 2.425 0
4.84375 2.425 0
5 2.425 0
4.0625 2.6875 0
4.375 2.6875 0
4.0625 2.95 0
4.375 2.95 0
4.6875 2.6875 0
5 2.6875 0
4.6875 2.95 0
5 2.95 0
0.625 3.475 0
-0 3.475 0
0.625 4 0
1.25 3.475 0
1.25 4 0
1.875 3.475 0
1.875 4 0
2.5 3.475 0
2.5 4 0
3.125 3.475 0
3.125 4 0
3.75 3.475 0
3.75 4 0
4.375 3.475 0
4.375 4 0
5 3.475 0
5 4 0
5.03906 -0 0
5.03906 0.0625 0
5.07812 -0 0
5.07812 0.0625 0
5.11719 -0 0
5.11719 0.0625 0
5.15625 -0 0
5.15625 0.0625 0
5.23438 -0 0
5.23438 0.0625 0
5.3125 -0 0
5.3125 0.0625 0
5.03906 0.128125 0
5.03906 0.19375 0
5.03906 0.259375 0
5.03906 0.325 0
5.07812 0.128125 0
5.07812 0.19375 0
5.07812 0.259375 0
5.07812 0.325 0
5.11719 0.128125 0
5.11719 0.19375 0
5.11719 0.259375 0
5.11719 0.325 0
5.15625 0.128125 0
5.15625 0.19375 0
5.15625 0.259375 0
5.15625 0.325 0
5.23438 0.19375 0
5.23438 0.325 0
5.3125 0.19375 0
5.3125 0.325 0
5.46875 -0 0
5.46875 0.0625 0
5.625 -0 0
5.625 0.0625 0
5.46875 0.19375 0
5.46875 0.325 0
5.625 0.19375 0
5.625 0.325 0
5.03906 0.390625 0
5.03906 0.45625 0
5.03906 0.521875 0
5.03906 0.5875 0
5.07812 0.390625 0
5.07812 0.45625 0
5.07812 0.521875 0
5.07812 0.5875 0
5.15625 0.45625 0
5.15625 0.5875 0
5.23438 0.45625 0
5.23438 0.5875 0
5.3125 0.45625 0
5.3125 0.5875 0
5.03906 0.653125 0
5.03906 0.71875 0
5.07812 0.653125 0
5.07812 0.71875 0
5.15625 0.71875 0
5.03906 0.784375 0
5.03906 0.85 0
5.07812 0.784375 0
5.07812 0.85 0
5.15625 0.85 0
5.3125 0.85 0
5.46875 0.45625 0
5.46875 0.5875 0
5.625 0.45625 0
5.625 0.5875 0
5.46875 0.85 0
5.625 0.85 0
5.78125 0.0625 0
5.9375 -0 0
5.9375 0.0625 0
5.78125 0.19375 0
5.78125 0.325 0
5.9375 0.19375 0
5.9375 0.325 0
5.78125 0.45625 0
5.78125 0.5875 0
5.9375 0.45625 0
5.9375 0.5875 0
5.9375 0.85 0
6.09375 -0 0
6.09375 0.0625 0
6.25 -0 0
6.25 0.0625 0
6.09375 0.19375 0
6.09375 0.325 0
6.25 0.19375 0
6.25 0.325 0
6.09375 0.45625 0
6.09375 0.5875 0
6.25 0.5875 0
6.09375 0.85 0
6.25 0.85 0
5.07812 0.98125 0
5.07812 1.1125 0
5.15625 0.98125 0
5.15625 1.1125 0
5.3125 1.1125 0
5.07812 1.24375 0
5.07812 1.375 0
5.15625 1.24375 0
5.15625 1.375 0
5.3125 1.375 0
5.625 1.1125 0
5.625 1.375 0
5.15625 1.50625 0
5.15625 1.6375 0
5.3125 1.50625 0
5.3125 1.6375 0
5.15625 1.76875 0
5.15625 1.9 0
5.3125 1.76875 0
5.3125 1.9 0
5.625 1.6375 0
5.625 1.9 0
5.9375 1.375 0
5.9375 1.9 0
6.09375 1.375 0
6.25 1.375 0
6.09375 1.9 0
6.25 1.9 0
6.40625 -0 0
6.40625 0.0625 0
6.40625 0.325 0
6.5625 -0 0
6.5625 0.0625 0
6.5625 0.325 0
6.40625 0.5875 0
6.40625 0.85 0
6.5625 0.5875 0
6.5625 0.85 0
6.875 -0 0
6.875 0.325 0
6.875 0.85 0
7.5 -0 0
7.5 0.325 0
7.5 0.85 0
6.40625 1.375 0
6.5625 1.375 0
6.40625 1.9 0
6.5625 1.9 0
6.875 1.375 0
6.875 1.9 0
7.5 1.375 0
7.5 1.9 0
5.3125 2.1625 0
5.625 2.1625 0
5.3125 2.29375 0
5.625 2.29375 0
5.3125 2.425 0
5.625 2.425 0
5.9375 2.1625 0
6.09375 2.1625 0
6.25 2.1625 0
5.9375 2.29375 0
5.9375 2.425 0
6.09375 2.29375 0
6.25 2.29375 0
6.09375 2.425 0
6.25 2.425 0
5.3125 2.6875 0
5.625 2.6875 0
5.3125 2.95 0
5.625 2.95 0
5.9375 2.6875 0
5.9375 2.95 0
6.25 2.6875 0
6.25 2.95 0
6.40625 2.1625 0
6.5625 2.1625 0
6.40625 2.29375 0
6.40625 2.425 0
6.5625 2.29375 0
6.5625 2.425 0
6.875 2.1625 0
6.875 2.425 0
6.5625 2.6875 0
6.5625 2.95 0
6.875 2.6875 0
6.875 2.95 0
7.5 2.425 0
7.5 2.95 0
5.625 3.475 0
5.625 4 0
6.25 3.475 0
6.25 4 0
6.875 3.475 0
6.875 4 0
7.5 3.475 0
7.5 4 0
8.125 -0 0
8.125 0.325 0
8.125 0.85 0
8.75 -0 0
8.75 0.325 0
8.75 0.85 0
8.125 1.375 0
8.125 1.9 0
8.75 1.375 0
8.75 1.9 0
9.375 -0 0
9.375 0.325 0
9.375 0.85 0
10 -0 0
10 0.325 0
10 0.85 0
9.375 1.375 0
9.375 1.9 0
10 1.375 0
10 1.9 0
8.125 2.425 0
8.125 2.95 0
8.75 2.425 0
8.75 2.95 0
8.125 3.475 0
8.125 4 0
8.75 3.475 0
8.75 4 0
9.375 2.425 0
9.375 2.95 0
10 2.425 0
10 2.95 0
9.375 3.475 0
9.375 4 0
10 3.475 0
-0 -0 0
0.1 -0 0
5.765 -0 0
5.965 -0 0
10 4 0
-0 4 0
0.1 0.19375 0
0.1 0.390625 0
0.1 0.5875 77762.1
0.1 0.784375 1324.17
0.1 0.98125 0
0.1 1.1125 0
0.1 1.24375 0
0.1 1.375 0
0.1 1.04688 0
0.1 1.01406 0
0.1 0.948437 0
0.1 0.915625 0
0.1 0.882812 0.000946825
0.1 0.85 2.17897
0.1 0.817187 143.895
0.1 0.751563 5348.23
0.1 0.71875 13645.8
0.1 0.685937 26268.2
0.1 0.653125 42336.2
0.1 0.620312 60082
0.1 0.554687 91067.3
0.1 0.521875 95832.4
0.1 0.489062 83048.8
0.1 0.45625 47853.6
0.1 0.423437 12798.6
0.1 0.357812 0
0.1 0.325 0
0.1 0.259375 0
0.1 0.0625 0
