0.625 -0 0
0.625 0.0625 0
-0 0.0625 0
1.25 -0 0
1.25 0.0625 0
0.625 0.19375 0
-0 0.19375 0
1.25 0.19375 0
0.625 0.259375 0
-0 0.259375 0
1.25 0.259375 0
0.625 0.325 0
-0 0.325 0
1.25 0.325 0
0.625 0.357812 0
-0 0.357812 0
0.625 0.390625 5.33735e-18
-0 0.390625 8.33593e-18
1.25 0.357812 0
1.25 0.390625 2.907e-18
0.625 0.423437 2296
-0 0.423437 2296.42
0.625 0.45625 11249.7
-0 0.45625 11251.2
1.25 0.423437 2297.3
1.25 0.45625 11250.2
0.625 0.489062 22867.2
-0 0.489062 22868
0.625 0.521875 27518.5
-0 0.521875 27519.1
1.25 0.489062 22866.9
1.25 0.521875 27518.4
0.625 0.554687 25104.8
-0 0.554687 25105.2
0.625 0.5875 19487.4
-0 0.5875 19487.4
1.25 0.554687 25104.9
1.25 0.5875 19487.7
0.625 0.620312 12829.9
-0 0.620312 12829.8
0.625 0.653125 7195.66
-0 0.653125 7195.4
1.25 0.620312 12830.2
1.25 0.653125 7196.08
0.625 0.685937 3197.19
-0 0.685937 3196.98
0.625 0.71875 1018.98
-0 0.71875 1018.83
1.25 0.685937 3197.53
1.25 0.71875 1019.18
0.625 0.751563 188.269
-0 0.751563 188.218
0.625 0.784375 12.6902
-0 0.784375 12.6833
1.25 0.751563 188.337
1.25 0.784375 12.699
0.625 0.817187 0.0656334
-0 0.817187 0.0655735
0.625 0.85 4.7279e-09
-0 0.85 4.7228e-09
1.25 0.817187 0.0657044
1.25 0.85 4.73225e-09
0.625 0.882812 2.88484e-85
-0 0.882812 7.75675e-85
0.625 0.915625 6.68479e-235
-0 0.915625 7.79802e-242
1.25 0.882812 8.8224e-86
1.25 0.915625 2.64938e-227
0.625 0.948437 2.64147e-239
-0 0.948437 2.49728e-243
0.625 0.98125 0
-0 0.98125 0
1.25 0.948437 1.84478e-234
1.25 0.98125 0
0.625 1.01406 0
-0 1.01406 0
0.625 1.04688 0
-0 1.04688 0
1.25 1.01406 0
1.25 1.04688 0
0.625 1.1125 0
-0 1.1125 0
1.25 1.1125 0
0.625 1.24375 0
-0 1.24375 0
1.25 1.24375 0
0.625 1.375 0
-0 1.375 0
1.25 1.375 0
0.625 1.6375 0
-0 1.6375 0
1.25 1.6375 0
0.625 1.9 0
-0 1.9 0
1.25 1.9 0
1.875 -0 0
1.875 0.0625 0
2.5 -0 0
2.5 0.0625 0
1.875 0.19375 0
2.5 0.19375 0
1.875 0.259375 0
2.5 0.259375 0
1.875 0.325 0
2.5 0.325 0
1.875 0.357812 0
1.875 0.390625 1.06214e-18
2.5 0.357812 0
2.5 0.390625 2.23283e-19
1.875 0.423437 2298.6
1.875 0.45625 11249.6
2.5 0.423437 2285.08
2.5 0.45625 11216.2
1.875 0.489062 22864.3
1.875 0.521875 27516.5
2.5 0.489062 22823
2.5 0.521875 27481
1.875 0.554687 25103.7
1.875 0.5875 19487.4
2.5 0.554687 25077.6
2.5 0.5875 19472.1
1.875 0.620312 12830.6
1.875 0.653125 7196.8
2.5 0.620312 12824.7
2.5 0.653125 7197.31
1.875 0.685937 3198.22
1.875 0.71875 1019.59
2.5 0.685937 3201.04
2.5 0.71875 1021.6
1.875 0.751563 188.465
1.875 0.784375 12.7145
2.5 0.751563 189.041
2.5 0.784375 12.7723
1.875 0.817187 0.0658445
1.875 0.85 4.76239e-09
2.5 0.817187 0.0665056
2.5 0.85 5.00451e-09
1.875 0.882812 1.12179e-86
1.875 0.915625 2.7875e-218
2.5 0.882812 3.80354e-88
2.5 0.915625 8.30148e-211
1.875 0.948437 7.94641e-227
1.875 0.98125 0
2.5 0.948437 8.37541e-218
2.5 0.98125 0
1.875 1.01406 0
1.875 1.04688 0
2.5 1.01406 0
2.5 1.04688 0
1.875 1.1125 0
2.5 1.1125 0
1.875 1.24375 0
2.5 1.17813 0
2.5 1.24375 0
1.875 1.375 0
2.5 1.375 0
1.875 1.6375 0
2.5 1.6375 0
1.875 1.9 0
2.5 1.9 0
3.125 -0 0
3.125 0.0625 0
3.125 0.19375 0
3.125 0.259375 0
3.125 0.325 0
3.125 0.357812 0
3.125 0.390625 6.26205e-21
3.125 0.423437 2201.18
3.125 0.45625 11002.4
3.125 0.489062 22554.2
3.125 0.521875 27237.1
3.125 0.554687 24889.7
3.125 0.5875 19351.8
3.125 0.620312 12767.7
3.125 0.653125 7186.62
3.125 0.685937 3212.19
3.125 0.71875 1033.2
3.125 0.751563 193.37
3.125 0.784375 13.3433
3.125 0.817187 0.0745962
3.125 0.85 8.9812e-09
3.4375 -0 0
3.4375 0.0625 0
3.4375 0.19375 0
3.4375 0.259375 0
3.4375 0.325 0
3.59375 -0 0
3.59375 0.0625 0
3.75 -0 0
3.75 0.0625 0
3.59375 0.19375 0
3.59375 0.259375 0
3.59375 0.325 0
3.75 0.19375 0
3.67188 0.19375 0
3.67188 0.259375 0
3.75 0.259375 0
3.67188 0.325 0
3.75 0.325 0
3.4375 0.357812 0
3.4375 0.390625 1.41726e-28
3.4375 0.423437 1906.76
3.4375 0.45625 10163.6
3.4375 0.489062 21429.4
3.4375 0.521875 26178.4
3.4375 0.554687 24049.9
3.4375 0.5875 18787.6
3.4375 0.620312 12473.9
3.4375 0.653125 7101.47
3.4375 0.685937 3239.6
3.4375 0.71875 1080.04
3.4375 0.751563 215.149
3.4375 0.784375 16.9257
3.4375 0.817187 0.146225
3.4375 0.85 3.24385e-07
3.59375 0.357812 0
3.59375 0.390625 5.44685e-53
3.59375 0.423437 1506.04
3.59375 0.45625 8850.05
3.59375 0.489062 19528.8
3.59375 0.521875 24323.6
3.59375 0.554687 22537.5
3.59375 0.5875 17726.6
3.67188 0.357812 0
3.67188 0.390625 7.20357e-125
3.75 0.357812 0
3.75 0.390625 0
3.67188 0.423437 1139.95
3.67188 0.45625 7516.1
3.75 0.423437 663.825
3.75 0.45625 5973.82
3.67188 0.489062 17479.5
3.67188 0.521875 22288.4
3.75 0.489062 15065.9
3.75 0.521875 19868.2
3.67188 0.554687 20863.1
3.67188 0.5875 16535.7
3.75 0.554687 18863.3
3.75 0.5875 15100.4
3.59375 0.620312 11875.9
3.59375 0.653125 6878.86
3.59375 0.685937 3243.75
3.59375 0.71875 1151.44
3.59375 0.751563 258.47
3.59375 0.784375 26.283
3.59375 0.817187 0.49378
3.59375 0.85 5.57195e-05
3.67188 0.620312 11185.5
3.67188 0.653125 6600.56
3.75 0.620312 10330.3
3.75 0.653125 6224.08
3.67188 0.685937 3226.77
3.67188 0.71875 1227.79
3.75 0.685937 3164.58
3.75 0.71875 1296.78
3.67188 0.751563 315.12
3.67188 0.784375 42.0444
3.75 0.751563 382.955
3.75 0.784375 67.4536
3.67188 0.817187 1.54934
3.67188 0.85 0.00195989
3.75 0.817187 4.76074
3.75 0.85 0.0474252
3.125 0.882812 3.55866e-76
3.125 0.915625 1.0464e-174
3.125 0.948437 2.39991e-210
3.125 0.98125 0
3.125 1.01406 0
3.125 1.04688 0
3.125 1.07969 0
3.125 1.1125 0
3.125 1.17813 0
3.125 1.24375 0
3.125 1.375 0
3.125 1.6375 0
3.125 1.9 0
3.4375 0.882812 3.8072e-40
3.4375 0.915625 3.7038e-77
3.4375 0.948437 1.01478e-173
3.4375 0.98125 0
3.4375 1.01406 0
3.4375 1.04688 0
3.4375 1.07969 0
3.4375 1.1125 0
3.4375 1.17813 0
3.4375 1.24375 0
3.4375 1.375 0
3.59375 0.882812 3.71953e-21
3.59375 0.915625 3.46098e-47
3.59375 0.948437 3.92312e-76
3.59375 0.98125 0
3.59375 1.01406 0
3.59375 1.04688 0
3.59375 1.07969 0
3.59375 1.1125 0
3.67188 0.882812 1.29225e-12
3.67188 0.915625 3.46002e-44
3.75 0.882812 1.24279e-06
3.75 0.915625 8.67786e-21
3.67188 0.948437 6.90446e-44
3.67188 0.98125 8.32118e-255
3.75 0.948437 3.44979e-44
3.75 0.98125 3.17178e-48
3.67188 1.01406 0
3.67188 1.04688 0
3.75 1.01406 6.16614e-243
3.75 1.04688 0
3.67188 1.07969 0
3.67188 1.1125 0
3.75 1.07969 0
3.75 1.1125 0
3.59375 1.14531 0
3.59375 1.17813 0
3.67188 1.14531 0
3.75 1.14531 0
3.67188 1.17813 0
3.75 1.17813 0
3.59375 1.24375 0
3.67188 1.24375 0
3.75 1.24375 0
3.59375 1.375 0
3.75 1.30937 0
3.75 1.375 0
3.4375 1.50625 0
3.4375 1.6375 0
3.59375 1.50625 0
3.75 1.44063 0
3.75 1.50625 0
3.59375 1.6375 0
3.75 1.6375 0
3.4375 1.9 0
3.59375 1.76875 0
3.59375 1.9 0
3.75 1.76875 0
3.75 1.9 0
3.90625 -0 0
3.90625 0.0625 0
4.0625 -0 0
4.0625 0.0625 0
3.90625 0.19375 0
3.82812 0.19375 0
3.82812 0.259375 0
3.82812 0.325 0
3.90625 0.259375 0
3.90625 0.325 0
4.0625 0.19375 0
3.98438 0.19375 0
3.98438 0.259375 0
3.98438 0.325 0
3.94531 0.325 0
4.0625 0.259375 0
4.0625 0.325 0
4.02344 0.325 0
4.14062 -0 0
4.14062 0.0625 0
4.21875 -0 0
4.21875 0.0625 0
4.25781 -0 0
4.25781 0.0625 0
4.29688 -0 0
4.29688 0.0625 0
4.33594 -0 7.94691e-13
4.33594 0.0625 4.94318e-09
4.375 -0 43.3137
4.375 0.0625 48.3541
4.14062 0.19375 0
4.21875 0.128125 0
4.21875 0.19375 0
4.17969 0.19375 0
4.14062 0.259375 0
4.14062 0.325 0
4.10156 0.325 0
4.17969 0.259375 0
4.21875 0.259375 0
4.17969 0.325 0
4.21875 0.325 0
4.25781 0.128125 0
4.25781 0.19375 0
4.29688 0.128125 0
4.29688 0.19375 0
4.33594 0.128125 0.000209688
4.375 0.128125 65.4294
4.33594 0.19375 0.0260591
4.375 0.19375 92.5529
4.25781 0.259375 0
4.29688 0.259375 1.85768e-53
4.25781 0.325 0
4.29688 0.325 7.35944e-06
4.33594 0.259375 9.3489
4.375 0.226562 111.12
4.375 0.259375 178.81
4.33594 0.325 153.335
4.375 0.292187 260.989
4.375 0.325 683.319
3.82812 0.357812 0
3.82812 0.390625 0
3.90625 0.357812 0
3.90625 0.390625 0
3.82812 0.423437 130.776
3.82812 0.45625 4013.12
3.90625 0.423437 0.745803
3.90625 0.45625 2494.59
3.82812 0.489062 12037
3.82812 0.521875 16768.2
3.90625 0.489062 8982.96
3.90625 0.521875 13638.7
3.82812 0.554687 16326.8
3.82812 0.5875 13264.8
3.90625 0.554687 13293.5
3.90625 0.5875 11292.3
3.94531 0.357812 0
3.98438 0.357812 0
3.94531 0.390625 0
3.98438 0.390625 0
3.94531 0.423437 0.000385344
3.98438 0.423437 1.17818e-12
3.94531 0.45625 1688.68
3.98438 0.45625 1061.28
4.02344 0.357812 0
4.0625 0.357812 0
4.02344 0.390625 0
4.0625 0.390625 0
4.02344 0.423437 1.49834e-46
4.0625 0.423437 0
4.02344 0.45625 594.525
4.0625 0.45625 286.54
3.94531 0.489062 6782.24
3.98438 0.489062 4921.21
3.94531 0.521875 11296.1
3.98438 0.521875 9214.14
3.94531 0.5875 10531
3.98438 0.5875 9320.03
4.02344 0.489062 3356.76
4.0625 0.489062 2204.01
4.02344 0.521875 7230.72
4.0625 0.521875 5394.24
4.02344 0.5875 7647.49
4.0625 0.5875 5653.88
3.82812 0.620312 9229.44
3.82812 0.653125 5725.78
3.90625 0.620312 7964.09
3.90625 0.653125 5085.25
3.82812 0.685937 3068.22
3.82812 0.71875 1383.04
3.90625 0.685937 2864.17
3.90625 0.71875 1407.74
3.82812 0.751563 486.103
3.82812 0.784375 118.813
3.90625 0.751563 574.509
3.90625 0.784375 182.044
3.82812 0.817187 16.4797
3.82812 0.85 0.888772
3.90625 0.817187 40.1542
3.90625 0.85 5.2789
3.94531 0.620312 6989.58
3.98438 0.620312 5930.86
3.94531 0.653125 4624.38
3.98438 0.653125 4019.24
3.94531 0.685937 2740.97
3.98438 0.685937 2440.64
3.94531 0.71875 1459.82
3.98438 0.71875 1350.86
4.02344 0.620312 4757.71
4.0625 0.620312 3499.58
4.02344 0.653125 3248.29
4.0625 0.653125 2356.43
4.02344 0.685937 1980.39
4.0625 0.685937 1398.29
4.02344 0.71875 1110.13
4.0625 0.71875 764.099
3.94531 0.751563 677.048
3.98438 0.751563 666.586
3.94531 0.784375 262.97
3.98438 0.784375 285.972
3.94531 0.817187 80.0431
3.98438 0.817187 102.095
3.94531 0.85 17.2816
3.98438 0.85 28.5375
4.02344 0.751563 562.736
4.0625 0.751563 379.312
4.02344 0.784375 253.667
4.0625 0.784375 169.038
4.02344 0.817187 98.5274
4.0625 0.817187 65.9421
4.02344 0.85 31.6349
4.0625 0.85 21.8315
4.10156 0.357812 0
4.14062 0.357812 0
4.10156 0.390625 0
4.14062 0.390625 0
4.10156 0.423437 0
4.14062 0.423437 0
4.10156 0.45625 96.7229
4.14062 0.45625 87.775
4.17969 0.357812 0
4.21875 0.357812 0
4.17969 0.390625 0
4.21875 0.390625 0
4.17969 0.423437 3.16661e-26
4.21875 0.423437 2.0805
4.17969 0.45625 208.951
4.21875 0.45625 330.512
4.10156 0.489062 1522.07
4.14062 0.489062 1162.99
4.10156 0.521875 3509.97
4.14062 0.521875 2653.42
4.10156 0.554687 4871.93
4.10156 0.5875 3602.8
4.14062 0.554687 3063.67
4.14062 0.5875 2534.61
4.17969 0.489062 1093.89
4.21875 0.489062 1122.63
4.17969 0.521875 2081.69
4.21875 0.521875 1642.94
4.17969 0.554687 2166.83
4.21875 0.554687 1475.49
4.17969 0.5875 1682
4.21875 0.5875 1042.91
4.25781 0.390625 0.0487031
4.29688 0.357812 3.723
4.29688 0.390625 141.759
4.25781 0.423437 145.222
4.29688 0.423437 532.976
4.25781 0.45625 612.375
4.29688 0.45625 1115.47
4.33594 0.357812 531.894
4.33594 0.390625 680.508
4.375 0.390625 863.076
4.33594 0.423437 997.454
4.33594 0.45625 953.41
4.375 0.45625 736.337
4.25781 0.489062 1216.1
4.25781 0.521875 1341.07
4.29688 0.489062 1094.92
4.29688 0.521875 1000.02
4.33594 0.521875 625.912
4.375 0.521875 437.739
4.25781 0.554687 992.726
4.29688 0.554687 643.079
4.25781 0.5875 620.165
4.29688 0.5875 356.81
4.33594 0.554687 375.124
4.375 0.554687 195.682
4.33594 0.5875 186.791
4.375 0.5875 89.5334
4.10156 0.620312 2477.88
4.14062 0.620312 1610.91
4.10156 0.653125 1549.05
4.14062 0.653125 923.701
4.10156 0.685937 860.122
4.14062 0.685937 467.424
4.10156 0.71875 439.888
4.14062 0.71875 216.289
4.17969 0.620312 990.915
4.21875 0.620312 568.633
4.17969 0.653125 518.127
4.21875 0.653125 275.92
4.17969 0.685937 233.558
4.21875 0.685937 113.175
4.17969 0.71875 94.881
4.21875 0.71875 40.4915
4.10156 0.751563 203.863
4.14062 0.751563 89.7491
4.10156 0.784375 84.6946
4.14062 0.784375 33.0289
4.10156 0.817187 30.8147
4.14062 0.817187 10.5208
4.10156 0.85 9.55978
4.14062 0.85 2.828
4.17969 0.751563 33.8999
4.21875 0.751563 12.326
4.17969 0.784375 10.5082
4.21875 0.784375 3.16564
4.17969 0.817187 2.73858
4.21875 0.817187 0.663738
4.17969 0.85 0.582348
4.21875 0.85 0.110417
4.25781 0.620312 302.835
4.29688 0.620312 158.516
4.25781 0.653125 134.326
4.29688 0.653125 63.3315
4.33594 0.620312 77.7298
4.375 0.620312 35.1286
4.33594 0.653125 28.8056
4.375 0.653125 12.207
4.25781 0.685937 50.746
4.29688 0.685937 21.5655
4.25781 0.71875 16.6538
4.29688 0.71875 6.41561
4.33594 0.685937 9.08854
4.375 0.685937 3.6083
4.33594 0.71875 2.46929
4.375 0.71875 0.906983
4.25781 0.751563 4.49167
4.29688 0.751563 1.58531
4.25781 0.784375 0.974805
4.29688 0.784375 0.31429
4.33594 0.751563 0.559122
4.375 0.751563 0.187708
4.33594 0.784375 0.103016
4.375 0.784375 0.0311467
4.25781 0.817187 0.16752
4.29688 0.817187 0.0487065
4.25781 0.85 0.0229635
4.29688 0.85 0.00597708
4.33594 0.817187 0.014886
4.375 0.817187 0.00399152
4.33594 0.85 0.00163688
4.375 0.85 0.000379435
4.41406 -0 150.037
4.41406 0.0625 161.139
4.45312 -0 239.028
4.45312 0.0625 250.137
4.49219 -0 276.774
4.49219 0.0625 284.22
4.53125 -0 287.735
4.53125 0.0625 291.21
4.57031 -0 284.487
4.57031 0.0625 284.542
4.60938 -0 281.194
4.60938 0.0625 278.626
4.64844 -0 280.508
4.64844 0.0625 275.945
4.6875 -0 284.5
4.6875 0.0625 278.387
4.41406 0.128125 197.898
4.45312 0.128125 285.123
4.41406 0.19375 256.948
4.45312 0.19375 336.213
4.49219 0.128125 306.246
4.53125 0.128125 299.926
4.49219 0.19375 348.144
4.53125 0.19375 310.142
4.41406 0.226562 330.965
4.45312 0.226562 415.201
4.41406 0.259375 400.996
4.45312 0.259375 481.05
4.41406 0.292187 547.246
4.41406 0.325 646.078
4.45312 0.325 535.159
4.49219 0.259375 381.627
4.49219 0.325 370.292
4.53125 0.259375 304.893
4.53125 0.325 267.014
4.57031 0.128125 282.568
4.57031 0.19375 274.416
4.60938 0.128125 268.925
4.60938 0.19375 249.143
4.64844 0.128125 260.665
4.64844 0.19375 233.217
4.6875 0.128125 258.926
4.6875 0.19375 226.065
4.57031 0.259375 250.883
4.60938 0.259375 214.894
4.57031 0.325 206.489
4.60938 0.325 170.8
4.64844 0.259375 192.513
4.6875 0.259375 181.389
4.64844 0.325 145.872
4.6875 0.325 138.227
4.72656 -0 288.094
4.72656 0.0625 280.877
4.76562 -0 285.641
4.76562 0.0625 277.776
4.80469 -0 225.496
4.80469 0.0625 219.042
4.84375 -0 108.375
4.84375 0.0625 105.006
4.88281 -0 26.1856
4.88281 0.0625 25.2616
4.92188 -0 1.76164
4.92188 0.0625 1.67353
4.96094 -0 0.00295324
4.96094 0.0625 0.00264459
5 -0 8.90659e-13
5 0.0625 4.52067e-13
4.72656 0.128125 258.518
4.76562 0.128125 253.825
4.72656 0.19375 222.01
4.76562 0.19375 215.617
4.72656 0.259375 174.42
4.76562 0.259375 167.392
4.72656 0.325 118.335
4.76562 0.325 115.629
4.80469 0.128125 199.212
4.80469 0.19375 167.73
4.84375 0.128125 94.502
4.84375 0.19375 77.9283
4.80469 0.259375 128.855
4.84375 0.259375 58.0916
4.80469 0.325 88.4007
4.84375 0.325 38.354
4.88281 0.128125 22.298
4.88281 0.19375 17.6564
4.92188 0.128125 1.39536
4.92188 0.19375 0.988151
4.88281 0.259375 12.3563
4.88281 0.325 7.46461
4.92188 0.259375 0.580998
4.92188 0.325 0.273411
4.96094 0.128125 0.00181082
4.96094 0.19375 0.000891925
5 0.128125 8.32195e-14
5 0.19375 1.86281e-15
4.96094 0.259375 0.000303961
4.96094 0.325 6.6811e-05
5 0.259375 1.25774e-18
5 0.325 1.63328e-23
4.41406 0.390625 660.62
4.41406 0.45625 482.314
4.45312 0.390625 462.627
4.45312 0.45625 285.813
4.49219 0.390625 292.175
4.53125 0.390625 193.35
4.49219 0.45625 172.34
4.53125 0.45625 114.108
4.41406 0.521875 247.399
4.45312 0.521875 132.387
4.49219 0.521875 79.3845
4.53125 0.489062 62.8688
4.53125 0.521875 22.9715
4.41406 0.554687 93.2192
4.45312 0.554687 46.7297
4.41406 0.5875 41.1578
4.45312 0.5875 20.0296
4.49219 0.554687 24.4595
4.53125 0.554687 14.1995
4.49219 0.5875 10.5028
4.53125 0.5875 6.24438
4.57031 0.390625 144.454
4.60938 0.357812 128.031
4.60938 0.390625 94.6232
4.57031 0.45625 80.1236
4.60938 0.423437 69.0937
4.60938 0.45625 39.71
4.64844 0.357812 110.283
4.6875 0.357812 104.193
4.64844 0.390625 82.3948
4.6875 0.390625 73.7821
4.64844 0.423437 57.8736
4.6875 0.423437 52.6713
4.64844 0.45625 38.0588
4.6875 0.45625 35.0487
4.57031 0.489062 37.8876
4.60938 0.489062 27.5909
4.57031 0.521875 20.3663
4.60938 0.521875 15.3978
4.57031 0.554687 9.96611
4.60938 0.554687 7.72246
4.57031 0.5875 4.34249
4.60938 0.5875 3.461
4.64844 0.489062 23.3994
4.6875 0.489062 21.807
4.64844 0.521875 13.1869
4.6875 0.521875 12.5583
4.64844 0.554687 6.78693
4.6875 0.554687 6.67083
4.64844 0.5875 3.14558
4.6875 0.5875 3.21698
4.41406 0.620312 15.6725
4.45312 0.620312 7.43807
4.41406 0.653125 5.19273
4.45312 0.653125 2.38702
4.49219 0.620312 3.90079
4.53125 0.620312 2.35251
4.49219 0.653125 1.24059
4.53125 0.653125 0.755978
4.41406 0.685937 1.45994
4.45312 0.685937 0.646991
4.41406 0.71875 0.344219
4.45312 0.71875 0.145666
4.49219 0.685937 0.331751
4.53125 0.685937 0.204051
4.49219 0.71875 0.0731492
4.53125 0.71875 0.0453606
4.41406 0.751563 0.0661329
4.45312 0.751563 0.0264981
4.41406 0.784375 0.0100514
4.45312 0.784375 0.00377822
4.49219 0.751563 0.0129597
4.53125 0.751563 0.00810138
4.49219 0.784375 0.00178987
4.53125 0.784375 0.00112839
4.41406 0.817187 0.00116384
4.45312 0.817187 0.000406921
4.41406 0.85 9.8392e-05
4.45312 0.85 3.17457e-05
4.49219 0.817187 0.000185962
4.53125 0.817187 0.000118409
4.49219 0.85 1.39598e-05
4.53125 0.85 9.00209e-06
4.57031 0.620312 1.66212
4.60938 0.620312 1.36837
4.57031 0.653125 0.547233
4.60938 0.653125 0.469051
4.57031 0.685937 0.152271
4.60938 0.685937 0.137122
4.57031 0.71875 0.0350786
4.60938 0.71875 0.0334933
4.64844 0.620312 1.29915
4.6875 0.620312 1.39915
4.64844 0.653125 0.469629
4.6875 0.653125 0.538051
4.64844 0.685937 0.146458
4.6875 0.685937 0.180915
4.64844 0.71875 0.0385927
4.6875 0.71875 0.0520128
4.57031 0.751563 0.00653545
4.60938 0.751563 0.00669403
4.57031 0.784375 0.000956801
4.60938 0.784375 0.00106558
4.57031 0.817187 0.000106484
4.60938 0.817187 0.000131039
4.57031 0.85 8.66878e-06
4.60938 0.85 1.19826e-05
4.64844 0.751563 0.00844359
4.6875 0.751563 0.0126176
4.64844 0.784375 0.00149616
4.6875 0.784375 0.00252248
4.64844 0.817187 0.000209197
4.6875 0.817187 0.000407822
4.64844 0.85 2.2208e-05
4.6875 0.85 5.11727e-05
4.72656 0.390625 74.8646
4.76562 0.390625 77.827
4.72656 0.423437 50.8012
4.76562 0.423437 51.8767
4.72656 0.45625 34.019
4.76562 0.45625 35.2055
4.80469 0.390625 50.2819
4.84375 0.390625 21.8418
4.80469 0.45625 22.5898
4.84375 0.45625 10.6982
4.72656 0.489062 21.472
4.76562 0.489062 22.1632
4.72656 0.521875 12.6411
4.76562 0.521875 12.648
4.72656 0.554687 6.95475
4.76562 0.554687 7.26906
4.72656 0.5875 3.48727
4.76562 0.5875 3.74488
4.80469 0.521875 10.5352
4.84375 0.521875 3.82198
4.80469 0.554687 5.22669
4.80469 0.5875 2.7671
4.84375 0.5875 0.897346
4.88281 0.390625 3.77419
4.88281 0.45625 1.5492
4.92188 0.390625 0.0980181
4.92188 0.45625 0.0250369
4.88281 0.521875 0.475751
4.92188 0.521875 0.00401168
4.88281 0.5875 0.0954437
4.92188 0.5875 0.000331903
4.96094 0.390625 8.49962e-06
4.96094 0.45625 5.20125e-07
5 0.390625 5.88887e-30
5 0.45625 6.06761e-39
4.96094 0.521875 9.97999e-09
4.96094 0.5875 8.50772e-12
5 0.521875 1.13566e-52
5 0.5875 2.15059e-58
4.72656 0.620312 1.59774
4.76562 0.620312 1.80172
4.72656 0.653125 0.652455
4.76562 0.653125 0.773295
4.72656 0.685937 0.236119
4.76562 0.685937 0.298583
4.72656 0.71875 0.0737408
4.76562 0.71875 0.0997535
4.80469 0.620312 1.3677
4.84375 0.620312 0.341573
4.80469 0.653125 0.593215
4.84375 0.653125 0.159716
4.80469 0.685937 0.235593
4.84375 0.685937 0.0501368
4.80469 0.71875 0.080524
4.84375 0.71875 0.0180103
4.72656 0.751563 0.0197208
4.76562 0.751563 0.0290056
4.72656 0.784375 0.00440169
4.76562 0.784375 0.00705898
4.72656 0.817187 0.000813449
4.76562 0.817187 0.00146296
4.72656 0.85 0.0001184
4.76562 0.85 0.000238945
4.80469 0.751563 0.0243946
4.84375 0.751563 0.0041233
4.80469 0.784375 0.00618312
4.84375 0.784375 0.00104245
4.80469 0.817187 0.00136186
4.84375 0.817187 0.00016116
4.80469 0.85 0.000240379
4.84375 0.85 2.64056e-05
4.88281 0.653125 0.00450295
4.88281 0.71875 0.00020157
4.92188 0.653125 1.18234e-05
4.92188 0.71875 1.84422e-07
4.88281 0.784375 3.07844e-06
4.92188 0.784375 3.36207e-10
4.88281 0.85 8.85028e-09
4.92188 0.85 1.80975e-15
4.96094 0.653125 1.47265e-20
4.96094 0.71875 1.33964e-34
5 0.653125 7.33202e-59
5 0.71875 1.33115e-72
4.96094 0.784375 4.0491e-54
4.96094 0.85 1.6177e-63
5 0.784375 4.11044e-125
5 0.85 1.34352e-251
3.82812 0.882812 0.00743316
3.82812 0.915625 6.62319e-07
3.90625 0.882812 0.325808
3.90625 0.915625 0.00506754
3.82812 0.948437 1.50951e-14
3.82812 0.98125 3.14109e-22
3.90625 0.948437 6.36999e-06
3.90625 0.98125 1.35351e-09
3.82812 1.01406 2.33907e-50
3.82812 1.04688 1.4718e-76
3.90625 1.01406 2.9146e-12
3.90625 1.04688 2.32128e-35
3.82812 1.07969 6.24513e-164
3.82812 1.1125 0
3.90625 1.07969 5.86075e-58
3.90625 1.1125 1.25724e-55
3.94531 0.882812 2.27832
3.98438 0.882812 5.75658
3.94531 0.915625 0.145348
3.98438 0.915625 0.756452
3.94531 0.948437 0.0029504
3.98438 0.948437 0.0573367
3.94531 0.98125 1.66734e-05
3.98438 0.98125 0.00245766
4.02344 0.882812 7.98394
4.0625 0.882812 5.93526
4.02344 0.915625 1.49859
4.0625 0.915625 1.28856
4.02344 0.948437 0.198294
4.0625 0.948437 0.220259
4.02344 0.98125 0.0189308
4.0625 0.98125 0.030915
3.94531 1.01406 3.52895e-07
3.98438 1.01406 0.000124756
3.94531 1.04688 1.92941e-10
3.98438 1.04688 3.2828e-06
3.94531 1.07969 9.48928e-18
3.98438 1.07969 6.87952e-09
3.94531 1.1125 8.86766e-48
3.98438 1.1125 7.81645e-13
4.02344 1.01406 0.00176138
4.0625 1.01406 0.00576055
4.02344 1.04688 0.000112034
4.0625 1.04688 0.000431658
4.02344 1.07969 2.00845e-06
4.0625 1.07969 1.7102e-05
4.02344 1.1125 8.23198e-09
4.0625 1.1125 3.04717e-07
3.82812 1.14531 0
3.82812 1.17813 0
3.90625 1.14531 2.15406e-105
3.90625 1.17813 2.81591e-277
3.82812 1.21094 0
3.82812 1.24375 0
3.90625 1.21094 0
3.90625 1.24375 0
3.82812 1.30937 0
3.82812 1.375 0
3.90625 1.30937 0
3.90625 1.375 0
3.94531 1.14531 1.86828e-55
3.98438 1.14531 2.2307e-19
3.94531 1.17813 3.62343e-64
3.98438 1.17813 9.62336e-42
3.94531 1.21094 1.36423e-83
3.94531 1.24375 2.59212e-151
3.98438 1.21094 8.69732e-66
3.98438 1.24375 1.38663e-70
4.02344 1.14531 5.32735e-12
4.0625 1.14531 1.86154e-09
4.02344 1.17813 3.43609e-16
4.0625 1.17813 2.23876e-12
4.02344 1.21094 6.87354e-22
4.0625 1.21094 2.40652e-16
4.02344 1.24375 6.43975e-34
4.0625 1.24375 6.45849e-22
3.94531 1.30937 0
3.98438 1.27656 3.46804e-68
3.98438 1.30937 2.54536e-93
3.94531 1.375 0
3.98438 1.375 7.96642e-248
4.02344 1.27656 9.51793e-68
4.0625 1.27656 9.80059e-30
4.02344 1.30937 4.05208e-68
4.0625 1.30937 9.98162e-41
4.02344 1.34219 7.68513e-87
4.02344 1.375 1.51897e-90
4.0625 1.34219 2.56062e-72
4.0625 1.375 6.40885e-90
4.10156 0.882812 2.47022
4.14062 0.882812 0.630753
4.10156 0.915625 0.527506
4.14062 0.915625 0.119077
4.10156 0.948437 0.0956812
4.14062 0.948437 0.0209996
4.10156 0.98125 0.0106289
4.14062 0.98125 0.0023204
4.17969 0.882812 0.099766
4.21875 0.882812 0.014801
4.17969 0.915625 0.0147263
4.21875 0.915625 0.00182474
4.17969 0.948437 0.00223674
4.21875 0.948437 0.000228879
4.17969 0.98125 0.000219219
4.21875 0.98125 2.4097e-05
4.10156 1.04688 0.00127769
4.14062 1.04688 0.000202341
4.10156 1.07969 8.09406e-06
4.14062 1.07969 1.36549e-06
4.10156 1.1125 3.75757e-07
4.14062 1.1125 7.3618e-08
4.17969 1.04688 6.08799e-06
4.21875 1.01406 5.76494e-07
4.21875 1.04688 7.13428e-08
4.17969 1.1125 1.0534e-08
4.21875 1.07969 4.34795e-10
4.21875 1.1125 1.54866e-11
4.25781 0.882812 0.00265012
4.29688 0.882812 0.000605401
4.25781 0.915625 0.000277919
4.29688 0.915625 4.93539e-05
4.33594 0.882812 0.000133227
4.375 0.882812 2.55996e-05
4.33594 0.915625 7.68396e-06
4.375 0.915625 1.1715e-06
4.25781 0.948437 2.43397e-05
4.29688 0.948437 2.75431e-06
4.25781 0.98125 1.27983e-06
4.29688 0.98125 9.14995e-08
4.33594 0.948437 2.94995e-07
4.375 0.948437 3.4742e-08
4.33594 0.98125 7.08984e-09
4.375 0.98125 6.39443e-10
4.25781 1.01406 2.7919e-08
4.29688 1.01406 1.73991e-09
4.25781 1.04688 1.10679e-09
4.29688 1.04688 2.43834e-11
4.33594 1.01406 1.02691e-10
4.375 1.01406 7.06482e-12
4.33594 1.04688 9.07426e-13
4.375 1.04688 4.60821e-14
4.25781 1.07969 6.26375e-12
4.29688 1.07969 1.46283e-13
4.25781 1.1125 6.65382e-14
4.29688 1.1125 6.42285e-16
4.33594 1.07969 4.36493e-15
4.375 1.07969 1.73857e-16
4.33594 1.1125 1.24301e-17
4.375 1.1125 3.93134e-19
4.10156 1.14531 5.60942e-09
4.14062 1.14531 9.36975e-10
4.10156 1.17813 3.01284e-11
4.14062 1.17813 6.2164e-12
4.17969 1.14531 2.2554e-12
4.21875 1.14531 6.69192e-14
4.17969 1.17813 2.35577e-14
4.21875 1.17813 1.24829e-16
4.10156 1.21094 4.10614e-14
4.14062 1.21094 1.55499e-14
4.10156 1.24375 8.14356e-18
4.14062 1.24375 9.52537e-18
4.17969 1.21094 4.4614e-17
4.21875 1.21094 1.47692e-19
4.17969 1.24375 2.29696e-20
4.21875 1.24375 7.27872e-23
4.10156 1.27656 7.2521e-23
4.14062 1.27656 8.46457e-22
4.10156 1.30937 9.67653e-30
4.14062 1.30937 5.747e-27
4.17969 1.27656 2.49737e-24
4.21875 1.27656 1.32605e-26
4.17969 1.30937 4.24842e-29
4.21875 1.30937 8.68442e-31
4.10156 1.34219 9.99129e-41
4.14062 1.34219 6.98633e-34
4.10156 1.375 1.06696e-59
4.14062 1.375 9.98285e-44
4.17969 1.34219 7.3222e-35
4.21875 1.34219 2.26196e-35
4.17969 1.375 7.83505e-42
4.21875 1.375 3.20933e-40
4.25781 1.14531 2.0388e-16
4.29688 1.14531 1.32421e-18
4.25781 1.17813 4.14496e-19
4.29688 1.17813 1.86565e-21
4.33594 1.14531 1.96612e-20
4.375 1.14531 5.62028e-22
4.33594 1.17813 2.05052e-23
4.375 1.17813 5.9361e-25
4.25781 1.21094 4.85428e-22
4.29688 1.21094 2.12579e-24
4.25781 1.24375 3.24937e-25
4.29688 1.24375 2.15747e-27
4.33594 1.21094 1.94164e-26
4.375 1.21094 6.08126e-28
4.33594 1.24375 2.49641e-29
4.375 1.24375 9.11607e-31
4.25781 1.27656 1.34273e-28
4.29688 1.27656 2.27381e-30
4.25781 1.30937 4.17139e-32
4.29688 1.30937 3.3307e-33
4.33594 1.27656 5.97166e-32
4.375 1.27656 3.37369e-33
4.33594 1.30937 3.48121e-34
4.375 1.30937 4.9867e-35
4.25781 1.34219 1.38743e-35
4.29688 1.34219 1.06243e-35
4.25781 1.375 1.11227e-38
4.29688 1.375 2.43876e-37
4.33594 1.34219 7.65132e-36
4.375 1.34219 4.5183e-36
4.33594 1.375 1.53659e-36
4.375 1.375 3.35027e-36
3.82812 1.44063 0
3.90625 1.44063 0
3.98438 1.44063 0
4.02344 1.44063 1.01794e-256
4.0625 1.40781 6.42753e-90
4.0625 1.44063 1.97771e-217
3.82812 1.50625 0
3.90625 1.50625 0
3.98438 1.50625 0
4.0625 1.50625 3.90552e-198
3.90625 1.6375 0
4.0625 1.57187 0
4.0625 1.6375 0
3.90625 1.76875 0
3.90625 1.9 0
4.0625 1.76875 0
4.0625 1.9 0
4.10156 1.40781 1.08337e-89
4.14062 1.40781 1.06696e-59
4.10156 1.44063 1.03098e-86
4.14062 1.44063 3.114e-86
4.17969 1.40781 1.62268e-50
4.21875 1.40781 2.81614e-45
4.17969 1.44063 5.25141e-69
4.21875 1.44063 1.02534e-54
4.25781 1.40781 1.0558e-41
4.29688 1.40781 3.75196e-39
4.25781 1.44063 1.04569e-47
4.29688 1.44063 4.53801e-43
4.33594 1.40781 1.74541e-37
4.375 1.40781 1.38886e-36
4.33594 1.44063 4.64021e-40
4.375 1.44063 1.7432e-38
4.14062 1.47344 1.16819e-86
4.14062 1.50625 4.73981e-197
4.17969 1.47344 1.66553e-82
4.21875 1.47344 3.3311e-82
4.17969 1.50625 1.40381e-93
4.21875 1.50625 1.11041e-82
4.25781 1.47344 5.90134e-75
4.29688 1.47344 4.10076e-56
4.33594 1.47344 4.15928e-48
4.375 1.47344 6.17166e-45
4.25781 1.50625 2.75649e-87
4.29688 1.50625 3.88308e-92
4.33594 1.50625 7.07157e-115
4.375 1.50625 3.00585e-122
4.14062 1.57187 0
4.21875 1.57187 1.02123e-320
4.14062 1.6375 0
4.21875 1.6375 0
4.29688 1.57187 7.72737e-204
4.375 1.57187 2.28952e-178
4.29688 1.6375 0
4.375 1.6375 0
4.21875 1.76875 0
4.21875 1.9 0
4.375 1.76875 0
4.375 1.9 0
4.41406 0.882812 5.79246e-06
4.45312 0.882812 1.71234e-06
4.41406 0.915625 2.25956e-07
4.45312 0.915625 6.07881e-08
4.49219 0.882812 7.24259e-07
4.53125 0.882812 4.75159e-07
4.49219 0.915625 2.47762e-08
4.53125 0.915625 1.6636e-08
4.41406 0.948437 5.56512e-09
4.45312 0.948437 1.35256e-09
4.41406 0.98125 8.30314e-11
4.45312 0.98125 1.80635e-11
4.49219 0.948437 5.33224e-10
4.53125 0.948437 3.69009e-10
4.49219 0.98125 6.9161e-12
4.53125 0.98125 4.95917e-12
4.41406 1.01406 7.2989e-13
4.45312 1.01406 1.40477e-13
4.41406 1.04688 3.75075e-15
4.45312 1.04688 6.31247e-16
4.49219 1.01406 5.23287e-14
4.53125 1.01406 3.89037e-14
4.49219 1.04688 2.27772e-16
4.53125 1.04688 1.73934e-16
4.41406 1.07969 1.14605e-17
4.45312 1.07969 1.68338e-18
4.41406 1.1125 2.21394e-20
4.45312 1.1125 2.87754e-21
4.49219 1.07969 5.79746e-19
4.53125 1.07969 4.43198e-19
4.49219 1.1125 9.17545e-22
4.53125 1.1125 6.664e-22
4.57031 0.882812 4.95391e-07
4.60938 0.882812 7.83647e-07
4.57031 0.915625 1.89772e-08
4.60938 0.915625 3.4902e-08
4.57031 0.948437 4.65491e-10
4.60938 0.948437 1.01322e-09
4.57031 0.98125 6.95085e-12
4.60938 0.98125 1.80952e-11
4.64844 0.882812 1.73021e-06
4.6875 0.882812 4.86869e-06
4.64844 0.915625 9.35776e-08
4.6875 0.915625 3.2802e-07
4.64844 0.948437 3.38315e-09
4.6875 0.948437 1.52535e-08
4.64844 0.98125 7.65436e-11
4.6875 0.98125 4.5224e-10
4.57031 1.01406 6.02598e-14
4.60938 1.01406 1.87894e-13
4.57031 1.04688 2.90288e-16
4.60938 1.04688 1.05542e-15
4.57031 1.07969 7.57652e-19
4.60938 1.07969 3.018e-18
4.57031 1.1125 1.07099e-21
4.60938 1.1125 4.13207e-21
4.64844 1.01406 1.02624e-12
4.6875 1.01406 8.23733e-12
4.64844 1.04688 7.38377e-15
4.6875 1.04688 8.12628e-14
4.64844 1.07969 2.61884e-17
4.6875 1.07969 4.08406e-16
4.64844 1.1125 3.89519e-20
4.6875 1.1125 7.75039e-19
4.41406 1.14531 3.03177e-23
4.45312 1.14531 3.63571e-24
4.41406 1.17813 3.57309e-26
4.45312 1.17813 4.23784e-27
4.49219 1.14531 1.02349e-24
4.53125 1.14531 6.4511e-25
4.49219 1.17813 9.93026e-28
4.53125 1.17813 4.72133e-28
4.41406 1.21094 4.80417e-29
4.45312 1.21094 6.16578e-30
4.41406 1.24375 1.06122e-31
4.45312 1.24375 1.61519e-32
4.49219 1.21094 1.14635e-30
4.53125 1.21094 3.44169e-31
4.49219 1.24375 2.36923e-33
4.53125 1.24375 3.81861e-34
4.41406 1.27656 5.89543e-34
4.45312 1.27656 1.12951e-34
4.41406 1.30937 1.3008e-35
4.45312 1.30937 3.06609e-36
4.49219 1.27656 1.37224e-35
4.53125 1.27656 1.09611e-36
4.49219 1.30937 3.31154e-37
4.53125 1.30937 1.33136e-38
4.41406 1.34219 1.91945e-36
4.45312 1.34219 4.5922e-37
4.41406 1.375 2.5411e-36
4.45312 1.375 5.14862e-37
4.49219 1.34219 4.44269e-38
4.53125 1.34219 8.9079e-40
4.49219 1.375 3.73872e-38
4.53125 1.375 7.28825e-40
4.57031 1.14531 8.60675e-25
4.60938 1.14531 2.72654e-24
4.57031 1.17813 4.3444e-28
4.60938 1.17813 8.84739e-28
4.57031 1.21094 1.70708e-31
4.60938 1.21094 1.58383e-31
4.57031 1.24375 7.89915e-35
4.60938 1.24375 2.15112e-35
4.64844 1.14531 2.33333e-23
4.6875 1.14531 5.16528e-22
4.64844 1.17813 5.15242e-27
4.6875 1.17813 9.40893e-26
4.64844 1.21094 4.20173e-31
4.6875 1.21094 4.67833e-30
4.64844 1.24375 1.26425e-35
4.6875 1.24375 3.70675e-35
4.57031 1.27656 8.03014e-38
4.60938 1.27656 4.68564e-39
4.57031 1.30937 3.46487e-40
4.60938 1.30937 3.17862e-42
4.57031 1.375 9.79389e-42
4.60938 1.34219 4.58953e-44
4.60938 1.375 3.69616e-51
4.64844 1.27656 3.08534e-40
4.6875 1.27656 5.08856e-41
4.64844 1.30937 1.535e-44
4.6875 1.30937 6.92681e-47
4.64844 1.34219 1.69662e-48
4.6875 1.34219 1.05903e-52
4.64844 1.375 1.82125e-51
4.6875 1.375 2.12047e-58
4.72656 0.882812 1.35128e-05
4.76562 0.882812 3.19858e-05
4.72656 0.915625 1.10354e-06
4.76562 0.915625 3.04545e-06
4.72656 0.948437 6.41012e-08
4.76562 0.948437 2.15064e-07
4.72656 0.98125 2.38142e-09
4.76562 0.98125 9.52665e-09
4.80469 0.882812 3.53186e-05
4.84375 0.882812 2.46235e-06
4.80469 0.915625 3.88168e-06
4.84375 0.915625 2.29605e-07
4.80469 0.948437 3.1859e-07
4.84375 0.948437 9.93896e-09
4.80469 0.98125 1.76877e-08
4.84375 0.98125 3.73885e-10
4.72656 1.01406 5.63084e-11
4.76562 1.01406 2.83973e-10
4.72656 1.04688 7.1274e-13
4.76562 1.04688 4.32383e-12
4.72656 1.07969 4.97693e-15
4.76562 1.07969 4.15642e-14
4.72656 1.1125 1.19957e-17
4.76562 1.1125 1.30288e-16
4.80469 1.01406 6.46248e-10
4.84375 1.01406 4.85934e-12
4.80469 1.04688 1.36662e-11
4.84375 1.04688 4.48302e-14
4.80469 1.07969 1.63738e-13
4.84375 1.07969 9.27854e-17
4.80469 1.1125 8.8236e-16
4.84375 1.1125 1.41461e-19
4.88281 0.915625 2.95916e-12
4.92188 0.915625 3.57057e-31
4.88281 0.98125 1.06048e-17
4.92188 0.98125 1.02696e-52
4.88281 1.04688 2.22645e-32
4.92188 1.04688 5.89569e-66
4.88281 1.1125 3.63618e-66
4.92188 1.1125 1.69633e-66
4.96094 0.915625 4.2936e-64
4.96094 0.98125 3.98223e-100
5 0.915625 0
5 0.98125 0
4.96094 1.04688 1.25708e-196
4.96094 1.1125 0
5 1.04688 0
5 1.1125 0
4.72656 1.14531 9.44107e-21
4.76562 1.14531 1.40861e-19
4.72656 1.17813 1.46608e-24
4.76562 1.17813 2.81421e-23
4.72656 1.21094 5.6304e-29
4.76562 1.21094 1.31877e-27
4.72656 1.24375 2.29528e-34
4.76562 1.24375 6.28315e-33
4.80469 1.14531 1.4788e-18
4.84375 1.14531 1.07592e-23
4.80469 1.17813 4.35552e-22
4.84375 1.17813 2.40255e-29
4.80469 1.21094 1.30362e-26
4.84375 1.21094 1.94623e-42
4.80469 1.24375 3.5937e-32
4.84375 1.24375 3.24991e-67
4.72656 1.27656 6.31372e-41
4.76562 1.27656 7.34782e-40
4.72656 1.30937 1.17703e-48
4.76562 1.30937 1.55118e-49
4.80469 1.27656 1.1042e-39
4.80469 1.30937 9.41458e-53
4.84375 1.27656 9.58246e-89
4.84375 1.30937 2.22605e-114
4.72656 1.34219 3.384e-57
4.76562 1.34219 1.82157e-62
4.72656 1.375 1.77855e-66
4.76562 1.375 4.32396e-87
4.80469 1.375 8.30416e-130
4.84375 1.375 3.03415e-121
4.88281 1.17813 2.08269e-93
4.88281 1.24375 6.64338e-89
4.92188 1.17813 4.56863e-95
4.92188 1.24375 3.0425e-173
5 1.24375 0
4.92188 1.30937 4.44238e-245
4.92188 1.375 0
5 1.375 0
4.41406 1.40781 2.01909e-36
4.45312 1.40781 8.33729e-37
4.41406 1.44063 4.66815e-38
4.45312 1.44063 2.13198e-38
4.49219 1.40781 1.07606e-37
4.53125 1.40781 1.12737e-39
4.49219 1.44063 2.80534e-39
4.53125 1.44063 3.52209e-41
4.41406 1.47344 5.82869e-44
4.45312 1.47344 2.34054e-44
4.41406 1.50625 1.65657e-123
4.45312 1.50625 5.70538e-124
4.49219 1.47344 1.71344e-45
4.53125 1.47344 9.79299e-49
4.49219 1.50625 1.1426e-124
4.53125 1.50625 3.70975e-120
4.57031 1.44063 8.73731e-44
4.60938 1.40781 1.5182e-47
4.60938 1.44063 7.0087e-59
4.57031 1.47344 4.41444e-57
4.60938 1.47344 8.3646e-81
4.57031 1.50625 2.09695e-102
4.60938 1.50625 2.48315e-90
4.64844 1.40781 3.08682e-53
4.6875 1.40781 4.05023e-63
4.64844 1.44063 2.31808e-59
4.6875 1.44063 6.7368e-75
4.6875 1.50625 7.13009e-91
4.45312 1.57187 2.3911e-178
4.45312 1.6375 0
4.53125 1.57187 1.56112e-196
4.53125 1.6375 0
4.60938 1.57187 1.0394e-279
4.60938 1.6375 0
4.6875 1.57187 0
4.6875 1.6375 0
4.53125 1.76875 0
4.6875 1.76875 0
4.53125 1.9 0
4.6875 1.9 0
4.76562 1.44063 3.247e-114
4.84375 1.44063 3.81464e-137
4.76562 1.50625 9.49534e-149
4.84375 1.50625 5.10012e-270
4.84375 1.6375 0
4.92188 1.50625 0
5 1.50625 0
5 1.6375 0
4.84375 1.76875 0
4.84375 1.9 0
5 1.76875 0
5 1.9 0
0.625 2.1625 0
-0 2.1625 0
1.25 2.1625 0
0.625 2.29375 0
-0 2.29375 0
0.625 2.425 0
-0 2.425 0
1.25 2.29375 0
1.25 2.425 0
0.625 2.6875 0
-0 2.6875 0
1.25 2.6875 0
0.625 2.95 0
-0 2.95 0
1.25 2.95 0
1.875 2.1625 0
2.5 2.1625 0
1.875 2.29375 0
1.875 2.425 0
2.5 2.29375 0
2.5 2.425 0
1.875 2.6875 0
2.5 2.6875 0
1.875 2.95 0
2.5 2.95 0
3.125 2.1625 0
3.125 2.29375 0
3.125 2.425 0
3.4375 2.1625 0
3.75 2.03125 0
3.75 2.1625 0
3.4375 2.29375 0
3.4375 2.425 0
3.75 2.29375 0
3.75 2.425 0
3.125 2.6875 0
3.125 2.95 0
3.4375 2.6875 0
3.4375 2.95 0
3.75 2.6875 0
3.75 2.95 0
3.90625 2.03125 0
3.90625 2.1625 0
4.0625 2.03125 0
4.0625 2.1625 0
4.21875 2.03125 0
4.21875 2.1625 0
4.375 2.03125 0
4.375 2.1625 0
4.53125 2.03125 0
4.6875 2.03125 0
4.53125 2.1625 0
4.6875 2.1625 0
4.84375 2.03125 0
4.84375 2.1625 0
5 2.03125 0
5 2.1625 0
3.90625 2.29375 0
4.0625 2.29375 0
4.21875 2.29375 0
4.375 2.29375 0
3.90625 2.425 0
4.0625 2.425 0
4.21875 2.425 0
4.375 2.425 0
4.53125 2.29375 0
4.6875 2.29375 0
4.84375 2.29375 0
5 2.29375 0
4.53125 2.425 0
4.6875 2.425 0
4.84375 2.425 0
5 2.425 0
4.0625 2.6875 0
4.375 2.6875 0
4.0625 2.95 0
4.375 2.95 0
4.6875 2.6875 0
5 2.6875 0
4.6875 2.95 0
5 2.95 0
0.625 3.475 0
-0 3.475 0
0.625 4 0
1.25 3.475 0
1.25 4 0
1.875 3.475 0
1.875 4 0
2.5 3.475 0
2.5 4 0
3.125 3.475 0
3.125 4 0
3.75 3.475 0
3.75 4 0
4.375 3.475 0
4.375 4 0
5 3.475 0
5 4 0
5.03906 -0 2.77125e-66
5.03906 0.0625 2.58141e-65
5.07812 -0 0
5.07812 0.0625 0
5.11719 -0 0
5.11719 0.0625 0
5.15625 -0 0
5.15625 0.0625 0
5.23438 -0 0
5.23438 0.0625 0
5.3125 -0 0
5.3125 0.0625 0
5.03906 0.128125 2.75321e-62
5.03906 0.19375 2.9795e-59
5.03906 0.259375 1.24887e-59
5.03906 0.325 6.73546e-61
5.07812 0.128125 0
5.07812 0.19375 0
5.07812 0.259375 0
5.07812 0.325 0
5.11719 0.128125 0
5.11719 0.19375 0
5.11719 0.259375 0
5.11719 0.325 0
5.15625 0.128125 0
5.15625 0.19375 0
5.15625 0.259375 0
5.15625 0.325 0
5.23438 0.19375 0
5.23438 0.325 0
5.3125 0.19375 0
5.3125 0.325 0
5.46875 -0 0
5.46875 0.0625 0
5.625 -0 0
5.625 0.0625 0
5.46875 0.19375 0
5.46875 0.325 0
5.625 0.19375 0
5.625 0.325 0
5.03906 0.390625 1.37612e-71
5.03906 0.45625 6.02529e-97
5.03906 0.521875 4.24069e-148
5.03906 0.5875 1.00503e-253
5.07812 0.390625 0
5.07812 0.45625 0
5.07812 0.521875 0
5.07812 0.5875 0
5.15625 0.45625 0
5.15625 0.5875 0
5.23438 0.45625 0
5.23438 0.5875 0
5.3125 0.45625 0
5.3125 0.5875 0
5.03906 0.653125 0
5.03906 0.71875 0
5.07812 0.653125 0
5.07812 0.71875 0
5.15625 0.71875 0
5.03906 0.784375 0
5.03906 0.85 0
5.07812 0.784375 0
5.07812 0.85 0
5.15625 0.85 0
5.3125 0.85 0
5.46875 0.45625 0
5.46875 0.5875 0
5.625 0.45625 0
5.625 0.5875 0
5.46875 0.85 0
5.625 0.85 0
5.78125 0.0625 0
5.9375 -0 0
5.9375 0.0625 0
5.78125 0.19375 0
5.78125 0.325 0
5.9375 0.19375 0
5.9375 0.325 0
5.78125 0.45625 0
5.78125 0.5875 0
5.9375 0.45625 0
5.9375 0.5875 0
5.9375 0.85 0
6.09375 -0 0
6.09375 0.0625 0
6.25 -0 0
6.25 0.0625 0
6.09375 0.19375 0
6.09375 0.325 0
6.25 0.19375 0
6.25 0.325 0
6.09375 0.45625 0
6.09375 0.5875 0
6.25 0.5875 0
6.09375 0.85 0
6.25 0.85 0
5.07812 0.98125 0
5.07812 1.1125 0
5.15625 0.98125 0
5.15625 1.1125 0
5.3125 1.1125 0
5.07812 1.24375 0
5.07812 1.375 0
5.15625 1.24375 0
5.15625 1.375 0
5.3125 1.375 0
5.625 1.1125 0
5.625 1.375 0
5.15625 1.50625 0
5.15625 1.6375 0
5.3125 1.50625 0
5.3125 1.6375 0
5.15625 1.76875 0
5.15625 1.9 0
5.3125 1.76875 0
5.3125 1.9 0
5.625 1.6375 0
5.625 1.9 0
5.9375 1.375 0
5.9375 1.9 0
6.09375 1.375 0
6.25 1.375 0
6.09375 1.9 0
6.25 1.9 0
6.40625 -0 0
6.40625 0.0625 0
6.40625 0.325 0
6.5625 -0 0
6.5625 0.0625 0
6.5625 0.325 0
6.40625 0.5875 0
6.40625 0.85 0
6.5625 0.5875 0
6.5625 0.85 0
6.875 -0 0
6.875 0.325 0
6.875 0.85 0
7.5 -0 0
7.5 0.325 0
7.5 0.85 0
6.40625 1.375 0
6.5625 1.375 0
6.40625 1.9 0
6.5625 1.9 0
6.875 1.375 0
6.875 1.9 0
7.5 1.375 0
7.5 1.9 0
5.3125 2.1625 0
5.625 2.1625 0
5.3125 2.29375 0
5.625 2.29375 0
5.3125 2.425 0
5.625 2.425 0
5.9375 2.1625 0
6.09375 2.1625 0
6.25 2.1625 0
5.9375 2.29375 0
5.9375 2.425 0
6.09375 2.29375 0
6.25 2.29375 0
6.09375 2.425 0
6.25 2.425 0
5.3125 2.6875 0
5.625 2.6875 0
5.3125 2.95 0
5.625 2.95 0
5.9375 2.6875 0
5.9375 2.95 0
6.25 2.6875 0
6.25 2.95 0
6.40625 2.1625 0
6.5625 2.1625 0
6.40625 2.29375 0
6.40625 2.425 0
6.5625 2.29375 0
6.5625 2.425 0
6.875 2.1625 0
6.875 2.425 0
6.5625 2.6875 0
6.5625 2.95 0
6.875 2.6875 0
6.875 2.95 0
7.5 2.425 0
7.5 2.95 0
5.625 3.475 0
5.625 4 0
6.25 3.475 0
6.25 4 0
6.875 3.475 0
6.875 4 0
7.5 3.475 0
7.5 4 0
8.125 -0 0
8.125 0.325 0
8.125 0.85 0
8.75 -0 0
8.75 0.325 0
8.75 0.85 0
8.125 1.375 0
8.125 1.9 0
8.75 1.375 0
8.75 1.9 0
9.375 -0 0
9.375 0.325 0
9.375 0.85 0
10 -0 0
10 0.325 0
10 0.85 0
9.375 1.375 0
9.375 1.9 0
10 1.375 0
10 1.9 0
8.125 2.425 0
8.125 2.95 0
8.75 2.425 0
8.75 2.95 0
8.125 3.475 0
8.125 4 0
8.75 3.475 0
8.75 4 0
9.375 2.425 0
9.375 2.95 0
10 2.425 0
10 2.95 0
9.375 3.475 0
9.375 4 0
10 3.475 0
-0 -0 0
0.1 -0 0
5.765 -0 0
5.965 -0 0
10 4 0
-0 4 0
0.1 0.19375 0
0.1 0.390625 6.97237e-18
0.1 0.5875 19487.4
0.1 0.784375 12.6863
0.1 0.98125 0
0.1 1.1125 0
0.1 1.24375 0
0.1 1.375 0
0.1 1.04688 0
0.1 1.01406 0
0.1 0.948437 1.41301e-241
0.1 0.915625 1.44459e-239
0.1 0.882812 5.06845e-85
0.1 0.85 4.72851e-09
0.1 0.817187 0.0656037
0.1 0.751563 188.241
0.1 0.71875 1018.89
0.1 0.685937 3197.08
0.1 0.653125 7195.53
0.1 0.620312 12829.9
0.1 0.554687 25105.1
0.1 0.521875 27518.8
0.1 0.489062 22867.7
0.1 0.45625 11250.6
0.1 0.423437 2296.06
0.1 0.357812 0
0.1 0.325 0
0.1 0.259375 0
0.1 0.0625 0
