0.3125 -0 154.128
0.3125 0.0625 154.128
-0 0.0625 154.128
0.625 -0 154.128
0.625 0.0625 154.128
0.3125 0.19375 154.128
-0 0.19375 154.128
0.625 0.19375 154.128
0.3125 0.259375 154.471
-0 0.259375 154.676
0.3125 0.325 159.733
-0 0.325 162.52
0.625 0.259375 154.471
0.625 0.325 159.733
0.3125 0.390625 92.8688
-0 0.390625 69.0447
0.3125 0.45625 14.3091
-0 0.45625 13.1095
0.625 0.390625 92.8688
0.625 0.45625 14.3091
0.3125 0.521875 10.7265
-0 0.521875 10.7484
0.3125 0.5875 11.3657
-0 0.5875 11.5612
0.625 0.521875 10.7265
0.625 0.5875 11.3657
0.3125 0.653125 12.8214
-0 0.653125 13.1126
0.3125 0.71875 14.891
-0 0.71875 15.2899
0.625 0.653125 12.8214
0.625 0.71875 14.891
0.3125 0.784375 17.7937
-0 0.784375 18.3623
0.3125 0.85 22.1233
-0 0.85 22.9978
0.625 0.784375 17.7937
0.625 0.85 22.1232
0.9375 -0 154.128
0.9375 0.0625 154.128
1.25 -0 154.128
1.25 0.0625 154.128
0.9375 0.19375 154.128
1.25 0.19375 154.128
0.9375 0.259375 154.471
0.9375 0.325 159.733
1.25 0.259375 154.471
1.25 0.325 159.733
0.9375 0.390625 92.8688
0.9375 0.45625 14.3091
1.25 0.390625 92.8689
1.25 0.45625 14.3091
0.9375 0.521875 10.7266
0.9375 0.5875 11.3657
1.25 0.521875 10.7266
1.25 0.5875 11.3657
0.9375 0.653125 12.8214
0.9375 0.71875 14.891
1.25 0.653125 12.8214
1.25 0.71875 14.891
0.9375 0.784375 17.7936
0.9375 0.85 22.1232
1.25 0.784375 17.7936
1.25 0.85 22.1231
0.3125 0.915625 29.3071
-0 0.915625 30.8271
0.3125 0.98125 48.858
-0 0.98125 56.3534
0.625 0.915625 29.307
0.625 0.98125 48.858
0.3125 1.1125 150.176
-0 1.1125 185.844
0.625 1.1125 150.176
0.3125 1.375 301.342
-0 1.375 304.173
0.625 1.375 301.342
0.3125 1.6375 310.671
-0 1.6375 310.95
0.625 1.6375 310.671
0.3125 1.9 311.831
-0 1.9 311.895
0.625 1.9 311.831
0.9375 0.915625 29.307
0.9375 0.98125 48.8578
1.25 0.915625 29.3068
1.25 0.98125 48.857
0.9375 1.1125 150.176
1.25 1.1125 150.175
0.9375 1.375 301.342
1.25 1.375 301.342
0.9375 1.6375 310.671
1.25 1.6375 310.671
0.9375 1.9 311.831
1.25 1.9 311.83
1.5625 -0 154.128
1.5625 0.0625 154.128
1.875 -0 154.128
1.875 0.0625 154.128
1.5625 0.19375 154.128
1.875 0.19375 154.128
1.5625 0.259375 154.471
1.5625 0.325 159.733
1.875 0.259375 154.471
1.875 0.325 159.733
1.5625 0.390625 92.8692
1.5625 0.45625 14.3093
1.875 0.390625 92.8701
1.875 0.45625 14.31
1.5625 0.521875 10.7267
1.5625 0.5875 11.3658
1.875 0.521875 10.727
1.875 0.5875 11.3661
1.5625 0.653125 12.8215
1.5625 0.71875 14.891
1.875 0.653125 12.8217
1.875 0.71875 14.891
1.5625 0.784375 17.7935
1.5625 0.85 22.1228
1.875 0.784375 17.7932
1.875 0.85 22.1218
2.1875 -0 154.128
2.1875 0.0625 154.128
2.5 -0 154.128
2.5 0.0625 154.128
2.1875 0.19375 154.128
2.5 0.19375 154.128
2.1875 0.259375 154.471
2.1875 0.325 159.733
2.5 0.259375 154.471
2.5 0.325 159.733
2.1875 0.390625 92.8735
2.1875 0.45625 14.3124
2.5 0.390625 92.8852
2.5 0.45625 14.3208
2.1875 0.521875 10.7283
2.1875 0.5875 11.3672
2.5 0.521875 10.7326
2.5 0.5875 11.371
2.1875 0.653125 12.8225
2.1875 0.71875 14.8913
2.5 0.653125 12.8254
2.5 0.71875 14.8921
2.1875 0.784375 17.7922
2.1875 0.85 22.1183
2.5 0.784375 17.7888
2.5 0.85 22.1059
1.5625 0.915625 29.306
1.5625 0.98125 48.854
1.875 0.915625 29.3032
1.875 0.98125 48.8429
1.5625 1.1125 150.173
1.875 1.1125 150.165
1.5625 1.375 301.341
1.875 1.375 301.339
1.5625 1.6375 310.669
1.875 1.6375 310.667
1.5625 1.9 311.829
1.875 1.9 311.826
2.1875 0.915625 29.2937
2.1875 0.98125 48.8027
2.5 0.915625 29.2607
2.5 0.98125 48.6602
2.1875 1.1125 150.134
2.5 1.1125 150.024
2.1875 1.375 301.333
2.5 1.375 301.318
2.1875 1.6375 310.66
2.5 1.6375 310.644
2.1875 1.9 311.82
2.5 1.9 311.804
2.8125 -0 154.128
2.8125 0.0625 154.128
3.125 -0 154.128
3.125 0.0625 154.128
2.8125 0.19375 154.128
3.125 0.19375 154.128
2.8125 0.259375 154.471
2.8125 0.325 159.733
3.125 0.259375 154.539
3.125 0.325 160.662
2.8125 0.390625 92.9257
2.8125 0.45625 14.3497
3.125 0.390625 85.0959
3.125 0.45625 14.0382
2.8125 0.521875 10.7478
2.8125 0.5875 11.3843
3.125 0.521875 10.7996
3.125 0.5875 11.489
2.8125 0.653125 12.8356
2.8125 0.71875 14.8953
3.125 0.653125 12.9639
3.125 0.71875 15.0402
2.8125 0.784375 17.7774
2.8125 0.85 22.0638
3.125 0.784375 17.9378
3.125 0.85 22.2387
3.28125 -0 154.128
3.28125 0.0625 154.128
3.4375 -0 154.128
3.4375 0.0625 154.128
3.28125 0.19375 154.128
3.4375 0.19375 154.128
3.28125 0.259375 154.471
3.28125 0.325 159.733
3.4375 0.259375 154.539
3.4375 0.325 160.662
3.59375 -0 154.128
3.59375 0.0625 154.128
3.67188 -0 154.127
3.67188 0.0625 154.127
3.75 -0 154.113
3.75 0.0625 154.12
3.59375 0.19375 154.128
3.51562 0.19375 154.128
3.51562 0.259375 154.471
3.59375 0.259375 154.471
3.51562 0.325 159.733
3.59375 0.325 159.733
3.67188 0.19375 154.127
3.75 0.19375 154.116
3.67188 0.259375 154.47
3.75 0.259375 154.46
3.67188 0.325 159.732
3.75 0.325 159.72
3.28125 0.390625 93.1522
3.28125 0.45625 14.5736
3.4375 0.390625 85.4651
3.4375 0.45625 14.395
3.28125 0.521875 10.8518
3.28125 0.5875 11.4772
3.4375 0.521875 10.9674
3.4375 0.5875 11.641
3.28125 0.653125 12.9119
3.28125 0.71875 14.9316
3.4375 0.653125 13.0926
3.4375 0.71875 15.1094
3.28125 0.784375 17.726
3.28125 0.85 21.8237
3.4375 0.784375 17.8719
3.4375 0.85 21.8751
3.51562 0.390625 93.5285
3.59375 0.390625 93.7883
3.51562 0.45625 15.0324
3.59375 0.45625 15.3157
3.51562 0.521875 11.0509
3.59375 0.521875 11.177
3.51562 0.5875 11.6584
3.59375 0.5875 11.7748
3.67188 0.390625 94.1547
3.75 0.390625 94.6839
3.67188 0.45625 15.7085
3.75 0.45625 16.2605
3.67188 0.521875 11.3485
3.75 0.521875 11.5802
3.67188 0.5875 11.9326
3.75 0.5875 12.1434
3.51562 0.653125 13.0711
3.59375 0.653125 13.1766
3.51562 0.71875 15.0312
3.59375 0.71875 15.1054
3.51562 0.784375 17.6857
3.59375 0.784375 17.6847
3.51562 0.85 21.4678
3.59375 0.85 21.3066
3.67188 0.653125 13.3211
3.75 0.653125 13.5149
3.67188 0.71875 15.2115
3.75 0.71875 15.3659
3.67188 0.784375 17.6911
3.67188 0.85 20.7802
3.75 0.784375 17.6916
3.75 0.85 21.3492
2.8125 0.915625 29.1463
2.8125 0.98125 48.1633
3.125 0.915625 29.331
3.125 0.98125 49.0139
2.8125 1.1125 149.631
3.125 1.1125 159.126
2.8125 1.375 301.275
3.125 1.375 302.092
2.8125 1.6375 310.604
3.125 1.6375 310.602
2.8125 1.9 311.769
3.125 1.9 311.719
3.28125 0.915625 28.4641
3.28125 0.98125 45.3094
3.4375 0.915625 28.2604
3.4375 0.98125 44.4405
3.28125 1.1125 156.59
3.4375 1.1125 181.262
3.28125 1.375 301.973
3.4375 1.24375 291.813
3.4375 1.375 306.617
3.51562 0.915625 27.3321
3.51562 0.98125 40.7316
3.59375 0.915625 26.667
3.59375 0.98125 38.2363
3.51562 1.1125 165.123
3.59375 1.1125 150.467
3.67188 0.915625 25.4817
3.67188 0.98125 35.5381
3.75 0.98125 33.1999
3.67188 1.1125 126.52
3.75 1.1125 96.9362
3.51562 1.24375 286.458
3.59375 1.24375 280.676
3.51562 1.375 305.664
3.59375 1.375 304.251
3.67188 1.24375 260.062
3.75 1.24375 233.465
3.67188 1.375 301.238
3.75 1.375 294.79
3.28125 1.6375 310.359
3.4375 1.50625 309.204
3.4375 1.6375 310.335
3.28125 1.9 311.58
3.4375 1.76875 310.968
3.4375 1.9 311.553
3.51562 1.44063 308.08
3.51562 1.50625 309.103
3.59375 1.44063 307.293
3.59375 1.50625 308.576
3.51562 1.57187 309.834
3.51562 1.6375 310.312
3.59375 1.57187 309.412
3.59375 1.6375 310.015
3.67188 1.44063 306.055
3.67188 1.50625 307.733
3.75 1.44063 303.465
3.75 1.50625 306.12
3.67188 1.57187 308.812
3.67188 1.6375 309.58
3.75 1.57187 307.766
3.75 1.6375 308.887
3.59375 1.70312 310.466
3.59375 1.76875 310.84
3.67188 1.70312 310.155
3.67188 1.76875 310.609
3.75 1.70312 309.689
3.75 1.76875 310.281
3.59375 1.9 311.279
3.67188 1.83437 310.976
3.67188 1.9 311.258
3.75 1.83437 310.728
3.75 1.9 311.071
3.82812 -0 153.991
3.82812 0.0625 154.048
3.90625 -0 153.414
3.90625 0.0625 153.668
3.98438 -0 151.964
3.98438 0.0625 152.537
4.0625 -0 150.182
4.0625 0.0625 150.759
3.82812 0.19375 154.019
3.90625 0.19375 153.539
3.82812 0.259375 154.374
3.82812 0.325 159.616
3.90625 0.259375 153.937
3.90625 0.325 159.093
3.98438 0.19375 152.246
4.0625 0.19375 150.466
3.98438 0.259375 152.711
3.98438 0.325 157.661
4.0625 0.259375 150.918
4.0625 0.325 155.633
4.14062 -0 154.175
4.14062 0.0625 151.898
4.21875 -0 176.621
4.21875 0.0625 155.958
4.29688 -0 77.8188
4.29688 0.0625 107.705
4.375 -0 17.2808
4.375 0.0625 17.754
4.14062 0.19375 153.055
4.21875 0.19375 114.358
4.14062 0.259375 152.801
4.14062 0.325 134.388
4.21875 0.259375 102.732
4.21875 0.325 80.9616
4.29688 0.19375 55.5011
4.375 0.19375 16.4935
4.29688 0.259375 38.3219
4.29688 0.325 24.2453
4.375 0.259375 15.917
4.375 0.325 15.3365
3.82812 0.390625 95.4598
3.82812 0.45625 17.0543
3.90625 0.390625 96.5132
3.90625 0.45625 18.2361
3.82812 0.521875 11.8892
3.82812 0.5875 12.4176
3.90625 0.521875 12.2939
3.90625 0.5875 12.7738
3.98438 0.390625 97.3901
3.98438 0.45625 19.9804
4.0625 0.390625 96.3629
4.0625 0.45625 21.6378
3.98438 0.521875 12.8153
3.98438 0.5875 13.275
4.0625 0.521875 13.4194
4.0625 0.5875 13.9937
3.82812 0.653125 13.7607
3.82812 0.71875 15.3285
3.90625 0.653125 14.0752
3.90625 0.71875 15.9147
3.82812 0.784375 17.5196
3.82812 0.85 20.7034
3.90625 0.85 20.5421
3.98438 0.653125 14.6019
3.98438 0.71875 16.2345
4.0625 0.653125 15.4832
4.0625 0.71875 17.3676
3.98438 0.85 20.7446
4.0625 0.85 21.8359
4.14062 0.390625 81.6005
4.14062 0.45625 20.1547
4.21875 0.390625 43.5814
4.21875 0.45625 16.0203
4.14062 0.521875 13.9108
4.14062 0.5875 14.8692
4.21875 0.521875 14.4251
4.21875 0.5875 15.8909
4.29688 0.390625 16.725
4.29688 0.45625 14.5507
4.375 0.390625 15.1247
4.375 0.45625 15.6178
4.29688 0.521875 15.3808
4.29688 0.5875 17.215
4.375 0.521875 16.9243
4.375 0.5875 18.8207
4.14062 0.653125 16.6891
4.14062 0.71875 18.8598
4.21875 0.653125 18.0152
4.21875 0.71875 20.4196
4.14062 0.784375 21.3177
4.14062 0.85 24.0632
4.21875 0.784375 23.0257
4.21875 0.85 25.8254
4.29688 0.653125 19.498
4.29688 0.71875 22.0263
4.375 0.653125 21.087
4.375 0.71875 23.63
4.29688 0.784375 24.768
4.29688 0.85 27.1058
4.375 0.784375 26.4295
4.375 0.85 28.7807
4.45312 -0 16.4974
4.45312 0.0625 16.4018
4.53125 -0 16.9662
4.53125 0.0625 16.8536
4.60938 -0 17.4892
4.60938 0.0625 17.4125
4.6875 -0 17.9194
4.6875 0.0625 17.8831
4.45312 0.19375 16.232
4.53125 0.19375 16.9843
4.45312 0.259375 16.0927
4.45312 0.325 16.1384
4.53125 0.259375 17.0622
4.53125 0.325 17.3741
4.60938 0.19375 17.7049
4.6875 0.19375 18.0917
4.60938 0.259375 17.9209
4.60938 0.325 18.3738
4.6875 0.259375 18.4463
4.6875 0.325 18.8659
4.76562 -0 18.3313
4.76562 0.0625 18.298
4.84375 -0 20.1049
4.84375 0.0625 19.6261
4.92188 -0 25.3268
4.92188 0.0625 23.9535
5 -0 38.0773
5 0.0625 34.7848
4.76562 0.19375 18.6953
4.84375 0.19375 20.3147
4.76562 0.325 19.6425
4.84375 0.325 21.3658
4.92188 0.19375 25.1769
5 0.19375 37.6822
4.92188 0.325 26.7782
5 0.325 42.1762
4.45312 0.390625 16.4965
4.45312 0.45625 17.3243
4.53125 0.390625 17.9462
4.53125 0.45625 18.8656
4.45312 0.521875 18.6671
4.45312 0.5875 20.4549
4.53125 0.521875 20.1674
4.53125 0.5875 21.8401
4.60938 0.390625 19.0465
4.60938 0.45625 20.0016
4.6875 0.390625 19.6
4.6875 0.45625 20.4068
4.60938 0.521875 21.2677
4.60938 0.5875 22.8748
4.6875 0.521875 21.6656
4.6875 0.5875 23.0138
4.45312 0.653125 22.605
4.45312 0.71875 25.0923
4.53125 0.653125 23.8445
4.53125 0.71875 25.4943
4.45312 0.784375 28.0667
4.45312 0.85 30.5531
4.53125 0.784375 28.2849
4.53125 0.85 31.9639
4.60938 0.653125 24.8267
4.60938 0.71875 26.5337
4.6875 0.653125 24.9737
4.6875 0.71875 27.4875
4.6875 0.85 32.5442
4.76562 0.45625 21.3353
4.76562 0.5875 23.9799
4.84375 0.45625 23.1506
4.84375 0.5875 25.8949
4.92188 0.45625 29.4912
4.92188 0.5875 33.8686
5 0.45625 50.6136
5 0.5875 65.8373
4.76562 0.71875 27.6865
4.76562 0.85 32.3991
4.84375 0.71875 29.8325
4.84375 0.85 35.5372
4.92188 0.71875 41.518
4.92188 0.85 55.2403
5 0.71875 92.6819
5 0.85 126.332
3.82812 0.98125 30.6613
3.82812 1.1125 62.1611
3.90625 0.98125 28.2753
3.90625 1.1125 44.4994
3.98438 0.98125 26.8756
3.98438 1.1125 36.6776
4.0625 0.98125 27.1439
4.0625 1.1125 35.297
3.82812 1.24375 174.742
3.90625 1.24375 101.655
3.82812 1.375 274.285
3.90625 1.375 202.325
3.98438 1.24375 59.9119
4.0625 1.24375 48.0722
3.98438 1.375 112.349
4.0625 1.375 72.6342
4.14062 0.915625 26.6182
4.14062 0.98125 29.9768
4.21875 0.915625 28.8876
4.21875 0.98125 31.2948
4.14062 1.1125 37.5948
4.21875 1.1125 39.8179
4.29688 0.915625 30.687
4.29688 0.98125 34.1184
4.375 0.98125 36.1543
4.375 1.1125 45.4445
4.14062 1.24375 48.4405
4.21875 1.24375 49.8932
4.14062 1.375 63.1566
4.21875 1.375 60.4976
4.375 1.24375 54.3736
4.375 1.375 61.1464
3.82812 1.44063 295.439
3.82812 1.50625 302.099
3.90625 1.44063 261.053
3.90625 1.50625 288.358
3.82812 1.57187 305.606
3.82812 1.6375 307.677
3.90625 1.57187 300.15
3.90625 1.6375 305.29
3.98438 1.44063 176.311
3.98438 1.50625 242.238
4.0625 1.44063 103.603
4.0625 1.50625 165.863
3.98438 1.57187 284.162
3.98438 1.6375 300.253
4.0625 1.57187 246.699
4.0625 1.6375 289.853
3.82812 1.70312 308.971
3.82812 1.76875 309.83
3.90625 1.70312 307.818
3.90625 1.76875 309.204
3.82812 1.83437 310.432
3.82812 1.9 310.871
3.90625 1.83437 310.057
3.90625 1.9 310.632
3.98438 1.70312 305.926
3.98438 1.76875 308.352
4.0625 1.70312 303.074
4.0625 1.76875 307.292
3.98438 1.83437 309.604
3.98438 1.9 310.361
4.0625 1.83437 309.1
4.0625 1.9 310.078
4.14062 1.44063 77.3034
4.14062 1.50625 115.658
4.21875 1.44063 67.8629
4.21875 1.50625 96.8255
4.14062 1.57187 202.744
4.14062 1.6375 276.38
4.21875 1.57187 174.874
4.21875 1.6375 262.566
4.375 1.44063 64.4362
4.375 1.50625 87.5647
4.375 1.57187 167.552
4.375 1.6375 255.58
4.14062 1.70312 299.812
4.14062 1.76875 306.214
4.21875 1.70312 296.289
4.21875 1.76875 305.148
4.14062 1.83437 308.616
4.14062 1.9 309.815
4.21875 1.83437 308.146
4.21875 1.9 309.561
4.375 1.70312 293.867
4.375 1.76875 304.572
4.375 1.83437 307.899
4.375 1.9 309.431
4.53125 0.98125 39.5229
4.53125 1.1125 49.0789
4.6875 0.98125 40.7215
4.6875 1.1125 50.6403
4.53125 1.24375 58.7901
4.53125 1.375 67.641
4.6875 1.24375 63.8217
4.6875 1.375 79.8377
4.76562 0.98125 39.2919
4.76562 1.1125 49.125
4.84375 0.98125 44.5322
4.84375 1.1125 59.3084
4.92188 0.98125 78.1667
4.92188 1.1125 112.626
5 0.98125 167.024
5 1.1125 203.525
4.76562 1.24375 64.5349
4.84375 1.24375 83.8936
4.76562 1.375 90.075
4.84375 1.375 126.653
4.92188 1.24375 158.037
5 1.24375 243.945
4.92188 1.375 209.522
5 1.375 280.476
4.53125 1.44063 71.5781
4.53125 1.50625 96.4005
4.6875 1.44063 92.6073
4.6875 1.50625 127.108
4.53125 1.57187 174.795
4.53125 1.6375 258.563
4.6875 1.57187 204.852
4.6875 1.6375 274.721
4.53125 1.70312 294.608
4.53125 1.76875 304.814
4.6875 1.70312 299.504
4.6875 1.76875 306.284
4.53125 1.83437 308.026
4.53125 1.9 309.515
4.6875 1.83437 308.725
4.6875 1.9 309.928
4.76562 1.44063 110.312
4.76562 1.50625 154.883
4.84375 1.44063 156.479
4.84375 1.50625 206.504
4.76562 1.57187 222.535
4.76562 1.6375 282.207
4.84375 1.57187 258.15
4.84375 1.6375 293.393
4.92188 1.44063 229.485
4.92188 1.50625 262.868
5 1.44063 288.369
5 1.50625 297.145
4.92188 1.57187 290.122
4.92188 1.6375 302.645
5 1.57187 303.668
5 1.6375 307.142
4.76562 1.70312 301.602
4.76562 1.76875 307.017
4.84375 1.70312 304.537
4.84375 1.76875 308.116
4.76562 1.83437 309.101
4.76562 1.9 310.155
4.84375 1.83437 309.651
4.84375 1.9 310.485
4.92188 1.70312 307.203
4.92188 1.76875 309.187
5 1.70312 309.002
5 1.76875 310.054
4.92188 1.83437 310.208
4.92188 1.9 310.827
5 1.83437 310.708
5 1.9 311.153
0.3125 2.03125 312.09
-0 2.03125 312.121
0.625 2.03125 312.09
0.3125 2.1625 312.909
-0 2.1625 313.202
0.625 2.1625 312.909
0.3125 2.22812 318.662
-0 2.22812 321.629
0.3125 2.29375 339.077
-0 2.29375 346.147
0.625 2.22812 318.662
0.625 2.29375 339.075
0.3125 2.35938 371.014
-0 2.35938 379.546
0.3125 2.425 401.076
-0 2.425 407.243
0.625 2.35938 371.014
0.625 2.425 401.076
0.3125 2.49062 418.138
-0 2.49062 420.605
0.3125 2.55625 423.446
-0 2.55625 424.066
0.625 2.49062 418.138
0.625 2.55625 423.446
0.3125 2.6875 424.77
-0 2.6875 424.849
0.625 2.6875 424.77
0.3125 2.95 424.914
-0 2.95 424.915
0.625 2.95 424.914
0.9375 2.03125 312.09
1.25 2.03125 312.089
0.9375 2.1625 312.908
1.25 2.1625 312.908
0.9375 2.22812 318.662
0.9375 2.29375 339.075
1.25 2.22812 318.661
1.25 2.29375 339.075
0.9375 2.35938 371.014
0.9375 2.425 401.076
1.25 2.35938 371.014
1.25 2.425 401.076
0.9375 2.49062 418.138
0.9375 2.55625 423.446
1.25 2.49062 418.138
1.25 2.55625 423.446
0.9375 2.6875 424.77
1.25 2.6875 424.77
0.9375 2.95 424.914
1.25 2.95 424.914
1.5625 2.03125 312.088
1.875 2.03125 312.086
1.5625 2.1625 312.907
1.875 2.1625 312.905
1.5625 2.22812 318.661
1.5625 2.29375 339.075
1.875 2.22812 318.659
1.875 2.29375 339.074
1.5625 2.35938 371.014
1.5625 2.425 401.076
1.875 2.35938 371.014
1.875 2.425 401.076
1.5625 2.49062 418.138
1.5625 2.55625 423.446
1.875 2.49062 418.138
1.875 2.55625 423.446
1.5625 2.6875 424.77
1.875 2.6875 424.77
1.5625 2.95 424.914
1.875 2.95 424.914
2.1875 2.03125 312.08
2.5 2.03125 312.068
2.1875 2.1625 312.9
2.5 2.1625 312.889
2.1875 2.22812 318.656
2.1875 2.29375 339.073
2.5 2.22812 318.649
2.5 2.29375 339.07
2.1875 2.35938 371.014
2.1875 2.425 401.076
2.5 2.35938 371.013
2.5 2.425 401.076
2.1875 2.49062 418.138
2.1875 2.55625 423.446
2.5 2.49062 418.138
2.5 2.55625 423.446
2.1875 2.6875 424.77
2.5 2.6875 424.77
2.1875 2.95 424.914
2.5 2.95 424.914
2.8125 2.03125 312.04
3.125 2.03125 311.993
2.8125 2.1625 312.865
3.125 2.1625 312.924
2.8125 2.22812 318.632
2.8125 2.29375 339.064
3.125 2.22812 319.588
3.125 2.29375 341.408
2.8125 2.35938 371.013
2.8125 2.425 401.076
3.125 2.35938 373.855
3.125 2.425 403.132
2.8125 2.49062 418.138
2.8125 2.55625 423.446
3.125 2.49062 418.961
3.125 2.55625 423.637
2.8125 2.6875 424.77
3.125 2.6875 424.773
2.8125 2.95 424.914
3.125 2.95 424.914
3.28125 2.03125 311.925
3.4375 2.03125 311.842
3.28125 2.1625 312.776
3.4375 2.1625 312.714
3.59375 2.03125 311.668
3.75 2.03125 311.458
3.59375 2.1625 312.629
3.75 2.1625 312.373
3.28125 2.22812 318.569
3.4375 2.22812 318.527
3.28125 2.29375 339.038
3.4375 2.29375 339.021
3.59375 2.22812 318.47
3.75 2.22812 318.397
3.59375 2.29375 338.998
3.75 2.29375 338.968
3.28125 2.35938 371.009
3.4375 2.35938 371.008
3.28125 2.425 401.076
3.4375 2.425 401.076
3.59375 2.35938 371.005
3.75 2.35938 371.002
3.59375 2.425 401.076
3.75 2.425 401.076
3.28125 2.49062 418.138
3.4375 2.49062 418.138
3.28125 2.55625 423.446
3.4375 2.55625 423.446
3.59375 2.49062 418.138
3.75 2.49062 418.138
3.59375 2.55625 423.446
3.75 2.55625 423.446
3.28125 2.6875 424.762
3.4375 2.6875 424.752
3.59375 2.6875 424.762
3.75 2.6875 424.752
3.4375 2.95 424.914
3.75 2.95 424.914
3.82812 1.96562 311.217
3.82812 2.03125 311.468
3.90625 1.96562 311.041
3.90625 2.03125 311.334
3.98438 1.96562 310.866
3.98438 2.03125 311.223
4.0625 1.96562 310.69
4.0625 2.03125 311.08
4.14062 1.96562 310.53
4.14062 2.03125 310.988
4.21875 1.96562 310.376
4.21875 2.03125 310.89
4.375 1.96562 310.302
4.375 2.03125 310.84
3.90625 2.1625 312.181
4.0625 2.1625 312.052
4.21875 2.1625 312.098
4.375 2.1625 312.165
3.90625 2.22812 318.318
4.0625 2.22812 318.24
3.90625 2.29375 338.935
4.0625 2.29375 338.903
4.21875 2.22812 318.18
4.375 2.22812 318.154
4.21875 2.29375 338.876
4.375 2.29375 338.863
3.90625 2.35938 370.998
4.0625 2.35938 370.994
3.90625 2.425 401.076
4.0625 2.425 401.076
4.21875 2.35938 370.991
4.375 2.35938 370.99
4.21875 2.425 401.076
4.375 2.425 401.076
3.90625 2.49062 418.138
4.0625 2.49062 418.138
3.90625 2.55625 423.446
4.0625 2.55625 423.446
4.21875 2.49062 418.138
4.375 2.49062 418.138
4.21875 2.55625 423.446
4.375 2.55625 423.446
3.90625 2.6875 424.762
4.0625 2.6875 424.752
4.21875 2.6875 424.762
4.375 2.6875 424.752
4.0625 2.95 424.914
4.375 2.95 424.914
4.53125 1.96562 310.364
4.53125 2.03125 310.873
4.6875 1.96562 310.638
4.6875 2.03125 310.99
4.76562 1.96562 310.79
4.76562 2.03125 311.147
4.84375 1.96562 311.01
4.84375 2.03125 311.282
4.92188 1.96562 311.242
4.92188 2.03125 311.476
5 1.96562 311.473
5 2.03125 311.636
4.53125 2.1625 312.206
4.6875 2.1625 312.162
4.84375 2.1625 312.288
5 2.1625 312.503
4.53125 2.22812 318.175
4.6875 2.22812 318.246
4.53125 2.29375 338.868
4.6875 2.29375 338.894
4.84375 2.22812 318.354
5 2.22812 318.487
4.84375 2.29375 338.937
5 2.29375 338.992
4.53125 2.35938 370.99
4.6875 2.35938 370.993
4.53125 2.425 401.076
4.6875 2.425 401.076
4.84375 2.35938 370.998
5 2.35938 371.004
4.84375 2.425 401.076
5 2.425 401.076
4.53125 2.49062 418.138
4.6875 2.49062 418.138
4.53125 2.55625 423.446
4.6875 2.55625 423.446
4.84375 2.49062 418.138
5 2.49062 418.138
4.84375 2.55625 423.446
5 2.55625 423.446
4.53125 2.6875 424.762
4.6875 2.6875 424.752
4.84375 2.6875 424.762
5 2.6875 424.752
4.6875 2.95 424.914
5 2.95 424.914
0.3125 3.2125 424.915
-0 3.2125 424.915
0.3125 3.475 424.915
-0 3.475 424.915
0.625 3.2125 424.915
0.625 3.475 424.915
0.9375 3.2125 424.915
0.9375 3.475 424.915
1.25 3.2125 424.915
1.25 3.475 424.915
1.5625 3.2125 424.915
1.5625 3.475 424.915
1.875 3.2125 424.915
1.875 3.475 424.915
2.1875 3.2125 424.915
2.1875 3.475 424.915
2.5 3.2125 424.915
2.5 3.475 424.915
2.8125 3.2125 424.915
2.8125 3.475 424.915
3.125 3.2125 424.915
3.125 3.475 424.915
3.4375 3.2125 424.915
3.4375 3.475 424.915
3.75 3.2125 424.915
3.75 3.475 424.915
4.0625 3.2125 424.915
4.0625 3.475 424.915
4.375 3.2125 424.915
4.375 3.475 424.915
4.6875 3.2125 424.915
4.6875 3.475 424.915
5 3.2125 424.915
5 3.475 424.915
0.3125 3.7375 424.915
-0 3.7375 424.915
0.3125 4 424.915
0.625 3.7375 424.915
0.625 4 424.915
0.9375 3.7375 424.915
0.9375 4 424.915
1.25 3.7375 424.915
1.25 4 424.915
1.5625 3.7375 424.915
1.5625 4 424.915
1.875 3.7375 424.915
1.875 4 424.915
2.1875 3.7375 424.915
2.1875 4 424.915
2.5 3.7375 424.915
2.5 4 424.915
2.8125 3.7375 424.915
2.8125 4 424.915
3.125 3.7375 424.915
3.125 4 424.915
3.4375 3.7375 424.915
3.4375 4 424.915
3.75 3.7375 424.915
3.75 4 424.915
4.0625 3.7375 424.915
4.0625 4 424.915
4.375 3.7375 424.915
4.375 4 424.915
4.6875 3.7375 424.915
4.6875 4 424.915
5 3.7375 424.915
5 4 424.915
5.07812 -0 92.3881
5.07812 0.0625 77.5343
5.15625 -0 209.574
5.15625 0.0625 178.739
5.23438 -0 284.648
5.23438 0.0625 275.119
5.3125 -0 304.247
5.3125 0.0625 302.827
5.07812 0.19375 91.8052
5.07812 0.325 106.281
5.15625 0.19375 193.561
5.15625 0.325 207.915
5.23438 0.19375 278.837
5.3125 0.19375 303.984
5.23438 0.325 281.835
5.3125 0.325 303.635
5.39062 -0 308.952
5.39062 0.0625 308.243
5.46875 -0 309.757
5.46875 0.0625 309.65
5.54688 -0 245.704
5.54688 0.0625 270.325
5.625 -0 113.765
5.625 0.0625 147.226
5.39062 0.128125 307.959
5.39062 0.19375 307.67
5.46875 0.128125 309.209
5.46875 0.19375 308.952
5.39062 0.259375 307.413
5.39062 0.325 307.551
5.46875 0.259375 308.782
5.46875 0.325 308.859
5.54688 0.128125 277.182
5.54688 0.19375 295.619
5.625 0.128125 161.009
5.625 0.19375 215.875
5.54688 0.259375 308.09
5.54688 0.325 309.387
5.625 0.259375 283.232
5.625 0.325 308.611
5.07812 0.45625 126.961
5.07812 0.5875 158.044
5.15625 0.45625 227.043
5.15625 0.5875 254.399
5.23438 0.45625 287.875
5.23438 0.5875 295.841
5.3125 0.45625 304.953
5.3125 0.5875 304.918
5.07812 0.71875 188.132
5.07812 0.85 221.934
5.15625 0.71875 276.207
5.15625 0.85 287.31
5.23438 0.71875 301.535
5.23438 0.85 304.333
5.3125 0.71875 306.566
5.3125 0.85 307.488
5.46875 0.390625 309.073
5.46875 0.45625 309.128
5.54688 0.390625 309.755
5.54688 0.45625 309.931
5.625 0.390625 310.162
5.625 0.45625 310.394
5.46875 0.5875 309.376
5.625 0.5875 310.711
5.46875 0.85 310.109
5.625 0.85 311.217
5.70312 -0 60.6624
5.70312 0.0625 64.4488
5.78125 0.0625 50.4883
5.9375 -0 49.8215
5.9375 0.0625 50.5368
5.70312 0.128125 72.4423
5.70312 0.19375 119.993
5.78125 0.128125 53.9437
5.78125 0.19375 82.6037
5.70312 0.259375 225.006
5.70312 0.325 297.675
5.78125 0.259375 180.202
5.78125 0.325 281.31
5.9375 0.128125 55.3485
5.9375 0.19375 95.284
5.9375 0.259375 197.572
5.9375 0.325 288.481
6.01562 -0 65.3935
6.01562 0.0625 61.2976
6.09375 -0 162.804
6.09375 0.0625 131.539
6.17188 -0 289.299
6.17188 0.0625 261.933
6.25 -0 319.354
6.25 0.0625 312.749
6.01562 0.128125 71.9964
6.01562 0.19375 116.496
6.09375 0.128125 144.383
6.09375 0.19375 188.685
6.01562 0.259375 208.451
6.01562 0.325 287.125
6.09375 0.259375 258.606
6.09375 0.325 301.802
6.17188 0.128125 264.528
6.17188 0.19375 277.009
6.25 0.128125 314.055
6.25 0.19375 314.058
6.17188 0.259375 299.773
6.17188 0.325 311.261
6.25 0.259375 315.81
6.25 0.325 315.656
5.70312 0.390625 310.443
5.70312 0.45625 310.831
5.78125 0.390625 310.584
5.78125 0.45625 311.214
5.9375 0.390625 311.382
5.9375 0.45625 311.782
5.78125 0.5875 311.415
5.9375 0.5875 311.936
5.9375 0.85 312.131
6.01562 0.390625 311.621
6.01562 0.45625 312.023
6.09375 0.390625 312.073
6.09375 0.45625 312.218
6.09375 0.5875 312.259
6.09375 0.85 312.376
6.17188 0.390625 312.46
6.17188 0.45625 312.433
6.25 0.45625 316.441
6.17188 0.5875 312.43
6.25 0.5875 316.197
6.17188 0.85 312.509
6.25 0.85 317.105
5.07812 0.98125 257.336
5.07812 1.1125 281.74
5.15625 0.98125 297.116
5.15625 1.1125 303.056
5.23438 0.98125 306.284
5.23438 1.1125 307.674
5.3125 0.98125 308.483
5.3125 1.1125 309.323
5.07812 1.24375 293.591
5.15625 1.24375 305.666
5.07812 1.375 302.529
5.15625 1.375 307.767
5.23438 1.24375 308.669
5.3125 1.24375 309.898
5.23438 1.375 309.63
5.3125 1.375 310.349
5.46875 1.1125 310.765
5.625 1.1125 311.549
5.46875 1.24375 311.12
5.46875 1.375 311.386
5.625 1.375 311.918
5.07812 1.44063 304.443
5.07812 1.50625 306.372
5.15625 1.44063 308.396
5.15625 1.50625 309.128
5.07812 1.57187 308.042
5.07812 1.6375 309.265
5.15625 1.57187 309.798
5.15625 1.6375 310.365
5.07812 1.70312 310.112
5.07812 1.76875 310.702
5.15625 1.70312 310.823
5.15625 1.76875 311.186
5.07812 1.83437 311.127
5.07812 1.9 311.368
5.15625 1.83437 311.473
5.15625 1.9 311.613
5.23438 1.44063 309.955
5.23438 1.50625 310.341
5.3125 1.44063 310.666
5.3125 1.50625 310.879
5.23438 1.57187 310.703
5.23438 1.6375 311.029
5.3125 1.57187 311.166
5.3125 1.6375 311.359
5.23438 1.70312 311.311
5.23438 1.76875 311.474
5.3125 1.70312 311.595
5.3125 1.76875 311.761
5.23438 1.83437 311.717
5.23438 1.9 311.868
5.3125 1.9 312.07
5.46875 1.50625 311.645
5.625 1.50625 312.106
5.46875 1.6375 311.904
5.625 1.6375 312.246
5.46875 1.76875 312.172
5.625 1.76875 312.414
5.46875 1.9 312.364
5.625 1.9 312.562
5.9375 1.1125 312.326
5.9375 1.375 312.474
6.09375 1.1125 312.505
6.09375 1.375 312.653
6.17188 1.1125 312.613
6.25 1.1125 317.179
6.17188 1.375 312.742
6.25 1.375 317.278
5.9375 1.6375 312.656
5.9375 1.9 312.86
6.09375 1.6375 312.807
6.09375 1.9 312.952
6.17188 1.6375 312.884
6.25 1.6375 317.39
6.17188 1.9 313.042
6.25 1.9 318.381
6.32812 -0 346.01
6.32812 0.0625 332.191
6.40625 -0 383.868
6.40625 0.0625 370.755
6.32812 0.19375 330.799
6.32812 0.325 334.764
6.40625 0.19375 374.186
6.40625 0.325 374.178
6.48438 -0 412.353
6.48438 0.0625 404.218
6.5625 -0 422.217
6.5625 0.0625 419.249
6.48438 0.19375 406.349
6.48438 0.325 406.349
6.5625 0.19375 419.949
6.5625 0.325 419.682
6.71875 -0 424.779
6.71875 0.0625 424.352
6.71875 0.325 424.224
6.875 -0 424.914
6.875 0.0625 424.914
6.875 0.325 424.914
6.32812 0.45625 338.073
6.32812 0.5875 335.449
6.40625 0.45625 374.172
6.40625 0.5875 370.94
6.32812 0.85 338.048
6.40625 0.85 374.167
6.48438 0.45625 406.349
6.48438 0.5875 404.347
6.5625 0.45625 419.949
6.5625 0.5875 419.647
6.48438 0.85 406.349
6.5625 0.85 420.218
6.71875 0.5875 424.412
6.71875 0.85 424.577
6.875 0.5875 424.914
6.875 0.85 424.914
7.1875 -0 424.915
7.1875 0.0625 424.915
7.1875 0.325 424.915
7.5 -0 424.915
7.5 0.0625 424.915
7.5 0.325 424.915
7.1875 0.5875 424.915
7.1875 0.85 424.915
7.5 0.5875 424.915
7.5 0.85 424.915
6.32812 1.1125 338.075
6.40625 1.1125 374.17
6.32812 1.375 338.117
6.40625 1.375 374.174
6.48438 1.1125 406.349
6.5625 1.1125 420.218
6.48438 1.375 406.349
6.5625 1.375 420.218
6.71875 1.1125 424.577
6.71875 1.375 424.577
6.875 1.1125 424.914
6.875 1.375 424.914
6.32812 1.6375 338.167
6.40625 1.6375 374.179
6.32812 1.9 340.807
6.40625 1.9 377.412
6.48438 1.6375 406.349
6.5625 1.6375 420.218
6.48438 1.9 408.35
6.5625 1.9 420.165
6.71875 1.6375 424.577
6.71875 1.9 424.324
6.875 1.6375 424.914
6.875 1.9 424.914
7.1875 1.1125 424.915
7.1875 1.375 424.915
7.5 1.1125 424.915
7.5 1.375 424.915
7.1875 1.6375 424.915
7.1875 1.9 424.915
7.5 1.6375 424.915
7.5 1.9 424.915
5.07812 1.96562 311.651
5.07812 2.03125 311.824
5.15625 2.03125 311.979
5.3125 2.03125 312.278
5.46875 2.03125 312.491
5.625 2.03125 312.656
5.15625 2.1625 312.826
5.3125 2.1625 313.078
5.46875 2.1625 313.245
5.625 2.1625 313.277
5.15625 2.22812 318.628
5.3125 2.22812 318.768
5.15625 2.29375 339.051
5.3125 2.29375 339.111
5.46875 2.22812 318.897
5.625 2.22812 318.024
5.46875 2.29375 339.169
5.625 2.29375 336.872
5.15625 2.35938 371.01
5.3125 2.35938 371.017
5.15625 2.425 401.076
5.3125 2.425 401.076
5.46875 2.35938 371.024
5.625 2.35938 368.188
5.46875 2.425 401.076
5.625 2.425 399.021
5.15625 2.49062 418.138
5.3125 2.49062 418.138
5.15625 2.55625 423.446
5.3125 2.55625 423.446
5.46875 2.49062 418.138
5.625 2.49062 417.316
5.46875 2.55625 423.446
5.625 2.55625 423.269
5.15625 2.6875 424.762
5.3125 2.6875 424.752
5.46875 2.6875 424.762
5.625 2.6875 424.748
5.3125 2.95 424.914
5.625 2.95 424.914
5.9375 2.03125 312.917
5.9375 2.1625 313.705
5.9375 2.22812 320.157
5.9375 2.29375 341.634
5.9375 2.35938 373.88
5.9375 2.425 403.132
6.09375 2.03125 313.008
6.09375 2.1625 313.786
6.17188 2.03125 313.093
6.25 2.03125 317.568
6.17188 2.1625 313.788
6.25 2.1625 319.081
6.09375 2.22812 320.233
6.09375 2.29375 341.673
6.17188 2.22812 319.345
6.25 2.22812 323.512
6.17188 2.29375 339.399
6.25 2.29375 342.775
6.09375 2.35938 373.885
6.09375 2.425 403.132
6.17188 2.35938 371.077
6.25 2.35938 373.229
6.17188 2.425 401.089
6.25 2.425 401.976
5.9375 2.49062 418.961
5.9375 2.55625 423.637
6.09375 2.49062 418.961
6.09375 2.55625 423.428
6.17188 2.49062 418.141
6.25 2.49062 418.336
6.17188 2.55625 423.365
6.25 2.55625 423.299
5.9375 2.6875 424.773
6.09375 2.6875 424.679
6.25 2.6875 424.663
5.9375 2.95 424.914
6.25 2.95 424.914
6.32812 2.03125 338.255
6.40625 2.03125 374.189
6.32812 2.1625 341.334
6.40625 2.1625 377.692
6.48438 2.03125 406.349
6.5625 2.03125 419.949
6.48438 2.1625 404.997
6.5625 2.1625 417.674
6.32812 2.22812 343.046
6.32812 2.29375 358.953
6.40625 2.22812 377.005
6.40625 2.29375 386.831
6.48438 2.22812 405.874
6.48438 2.29375 408.592
6.5625 2.29375 419.836
6.32812 2.35938 383.905
6.32812 2.425 406.901
6.40625 2.35938 402.011
6.40625 2.425 413.453
6.48438 2.35938 415.994
6.48438 2.425 420.764
6.5625 2.425 423.734
6.71875 2.1625 424.282
6.875 2.1625 424.914
6.71875 2.425 424.778
6.875 2.425 424.914
6.32812 2.49062 419.769
6.40625 2.49062 421.372
6.32812 2.55625 423.699
6.40625 2.55625 424.206
6.40625 2.6875 424.827
6.5625 2.55625 424.621
6.5625 2.6875 424.898
6.5625 2.95 424.915
6.71875 2.6875 424.914
6.875 2.6875 424.915
6.875 2.95 424.915
7.1875 2.1625 424.915
7.1875 2.425 424.915
7.5 2.1625 424.915
7.5 2.425 424.915
7.1875 2.6875 424.915
7.1875 2.95 424.915
7.5 2.6875 424.915
7.5 2.95 424.915
5.3125 3.2125 424.915
5.3125 3.475 424.915
5.625 3.2125 424.915
5.625 3.475 424.915
5.9375 3.2125 424.915
5.9375 3.475 424.915
6.25 3.2125 424.915
6.25 3.475 424.915
6.5625 3.2125 424.915
6.5625 3.475 424.915
6.875 3.2125 424.915
6.875 3.475 424.915
7.1875 3.2125 424.915
7.1875 3.475 424.915
7.5 3.2125 424.915
7.5 3.475 424.915
5.3125 3.7375 424.915
5.3125 4 424.915
5.625 3.7375 424.915
5.625 4 424.915
5.9375 3.7375 424.915
5.9375 4 424.915
6.25 3.7375 424.915
6.25 4 424.915
6.5625 3.7375 424.915
6.5625 4 424.915
6.875 3.7375 424.915
6.875 4 424.915
7.1875 3.7375 424.915
7.1875 4 424.915
7.5 3.7375 424.915
7.5 4 424.915
7.8125 -0 424.915
7.8125 0.0625 424.915
7.8125 0.325 424.915
8.125 -0 424.915
8.125 0.0625 424.915
8.125 0.325 424.915
7.8125 0.5875 424.915
7.8125 0.85 424.915
8.125 0.5875 424.915
8.125 0.85 424.915
8.4375 -0 424.915
8.4375 0.0625 424.915
8.4375 0.325 424.915
8.75 -0 424.915
8.75 0.0625 424.915
8.75 0.325 424.915
8.4375 0.5875 424.915
8.4375 0.85 424.915
8.75 0.5875 424.915
8.75 0.85 424.915
7.8125 1.1125 424.915
7.8125 1.375 424.915
8.125 1.1125 424.915
8.125 1.375 424.915
7.8125 1.6375 424.915
7.8125 1.9 424.915
8.125 1.6375 424.915
8.125 1.9 424.915
8.4375 1.1125 424.915
8.4375 1.375 424.915
8.75 1.1125 424.915
8.75 1.375 424.915
8.4375 1.6375 424.915
8.4375 1.9 424.915
8.75 1.6375 424.915
8.75 1.9 424.915
9.0625 -0 424.915
9.0625 0.0625 424.915
9.0625 0.325 424.915
9.375 -0 424.915
9.375 0.0625 424.915
9.375 0.325 424.915
9.0625 0.5875 424.915
9.0625 0.85 424.915
9.375 0.5875 424.915
9.375 0.85 424.915
9.0625 1.1125 424.915
9.0625 1.375 424.915
9.375 1.1125 424.915
9.375 1.375 424.915
9.0625 1.6375 424.915
9.0625 1.9 424.915
9.375 1.6375 424.915
9.375 1.9 424.915
9.6875 -0 424.915
9.6875 0.0625 424.915
9.6875 0.325 424.915
10 -0 424.915
10 0.0625 424.915
10 0.325 424.915
9.6875 0.5875 424.915
9.6875 0.85 424.915
10 0.5875 424.915
10 0.85 424.915
9.6875 1.1125 424.915
9.6875 1.375 424.915
10 1.1125 424.915
10 1.375 424.915
9.6875 1.6375 424.915
9.6875 1.9 424.915
10 1.6375 424.915
10 1.9 424.915
7.8125 2.1625 424.915
7.8125 2.425 424.915
8.125 2.1625 424.915
8.125 2.425 424.915
7.8125 2.6875 424.915
7.8125 2.95 424.915
8.125 2.6875 424.915
8.125 2.95 424.915
8.4375 2.1625 424.915
8.4375 2.425 424.915
8.75 2.1625 424.915
8.75 2.425 424.915
8.4375 2.6875 424.915
8.4375 2.95 424.915
8.75 2.6875 424.915
8.75 2.95 424.915
7.8125 3.2125 424.915
7.8125 3.475 424.915
8.125 3.2125 424.915
8.125 3.475 424.915
8.4375 3.2125 424.915
8.4375 3.475 424.915
8.75 3.2125 424.915
8.75 3.475 424.915
7.8125 3.7375 424.915
7.8125 4 424.915
8.125 3.7375 424.915
8.125 4 424.915
8.4375 3.7375 424.915
8.4375 4 424.915
8.75 3.7375 424.915
8.75 4 424.915
9.0625 2.1625 424.915
9.0625 2.425 424.915
9.375 2.1625 424.915
9.375 2.425 424.915
9.0625 2.6875 424.915
9.0625 2.95 424.915
9.375 2.6875 424.915
9.375 2.95 424.915
9.6875 2.1625 424.915
9.6875 2.425 424.915
10 2.1625 424.915
10 2.425 424.915
9.6875 2.6875 424.915
9.6875 2.95 424.915
10 2.6875 424.915
10 2.95 424.915
9.0625 3.2125 424.915
9.0625 3.475 424.915
9.375 3.2125 424.915
9.375 3.475 424.915
9.0625 3.7375 424.915
9.0625 4 424.915
9.375 3.7375 424.915
9.375 4 424.915
9.6875 3.2125 424.915
9.6875 3.475 424.915
10 3.2125 424.915
10 3.475 424.915
9.6875 3.7375 424.915
9.6875 4 424.915
10 3.7375 424.915
-0 -0 154.128
0.1 -0 154.128
5.765 -0 51.6735
5.965 -0 50.6429
10 4 424.915
-0 4 424.915
0.1 0.0625 154.128
